1 4 9.649 2.366 1.674 1.672 2.457 2.285 2.055 1.781 1.141 1.224
1 5 10.721 2.753 1.986 1.906 2.843 2.663 2.316 2.204 1.387 1.365
1 6 11.481 2.709 2.002 1.824 2.859 2.556 2.273 2.187 1.402 1.302
2 5 9.435 2.500 1.755 1.780 2.563 2.443 2.212 1.953 1.202 1.297
2 6 10.589 2.878 2.085 1.984 2.993 2.766 2.464 2.323 1.453 1.424
2 7 10.777 3.018 2.171 2.096 3.073 2.961 2.537 2.525 1.533 1.484
3 6 9.346 2.621 1.811 1.895 2.587 2.653 2.238 2.148 1.267 1.354
3 7 10.744 2.969 2.187 2.008 3.188 2.760 2.635 2.340 1.500 1.462
3 8 11.186 2.916 2.164 1.954 3.122 2.712 2.524 2.336 1.501 1.408
4 7 10.035 2.769 1.991 1.924 2.881 2.662 2.335 2.133 1.376 1.391
4 8 11.376 2.742 2.070 1.799 3.030 2.464 2.412 2.110 1.414 1.314
4 9 11.684 2.809 2.110 1.854 3.043 2.573 2.442 2.263 1.463 1.336
5 8 9.920 2.625 1.878 1.835 2.716 2.539 2.192 2.008 1.299 1.325
5 9 11.596 2.832 2.161 1.831 3.199 2.483 2.588 2.173 1.460 1.350
5 10 11.992 2.791 2.129 1.804 3.122 2.467 2.519 2.191 1.452 1.319
6 9 10.256 2.337 1.694 1.610 2.438 2.238 1.853 1.729 1.177 1.158
6 10 11.980 2.602 2.027 1.630 3.054 2.180 2.400 1.890 1.346 1.219
6 11 12.516 2.726 2.148 1.678 3.290 2.215 2.673 1.986 1.402 1.271
7 10 10.108 2.174 1.614 1.456 2.368 1.991 1.762 1.532 1.101 1.065
7 11 12.196 2.470 1.946 1.520 2.976 2.010 2.321 1.735 1.273 1.150
7 12 12.938 2.494 1.995 1.495 3.119 1.946 2.512 1.741 1.277 1.149
8 11 9.966 2.054 1.565 1.330 2.352 1.782 1.740 1.384 1.042 0.992
8 12 12.400 2.382 1.905 1.431 2.965 1.867 2.284 1.606 1.224 1.096
8 13 12.930 2.478 1.979 1.492 3.089 1.943 2.492 1.737 1.268 1.145
9 12 10.188 1.841 1.430 1.159 2.152 1.551 1.532 1.210 0.950 0.867
9 13 12.423 2.342 1.879 1.398 2.946 1.815 2.274 1.559 1.198 1.077
9 14 12.937 2.440 1.938 1.482 3.011 1.936 2.446 1.731 1.248 1.134
10 13 10.073 1.820 1.449 1.102 2.237 1.447 1.598 1.156 0.939 0.839
10 14 12.081 2.521 2.014 1.517 3.160 1.968 2.490 1.703 1.283 1.169
10 15 12.369 2.613 1.998 1.683 2.956 2.284 2.428 2.043 1.351 1.240
11 14 9.792 1.895 1.516 1.136 2.403 1.464 1.794 1.187 0.957 0.881
11 15 11.422 2.747 2.128 1.738 3.227 2.311 2.624 2.018 1.403 1.307
11 16 12.170 2.619 1.999 1.692 2.932 2.313 2.358 2.050 1.364 1.237
12 15 9.686 1.927 1.544 1.152 2.479 1.473 1.899 1.205 0.962 0.902
12 16 11.285 2.642 2.030 1.692 3.045 2.270 2.439 1.952 1.353 1.261
12 17 11.407 2.870 2.093 1.964 2.923 2.814 2.359 2.482 1.499 1.371
13 16 9.273 2.069 1.624 1.282 2.591 1.646 2.130 1.379 1.018 0.999
13 17 10.444 2.872 2.098 1.961 3.037 2.713 2.556 2.333 1.449 1.418
13 18 11.133 2.947 2.177 1.987 3.077 2.811 2.422 2.426 1.540 1.404
14 17 9.151 2.207 1.729 1.371 2.774 1.754 2.355 1.497 1.078 1.072
14 18 10.825 2.686 1.987 1.807 2.892 2.487 2.388 2.134 1.365 1.313
14 19 11.703 2.696 1.976 1.834 2.772 2.615 2.234 2.305 1.408 1.287
15 18 9.563 1.993 1.606 1.180 2.646 1.485 2.114 1.233 0.975 0.938
15 19 11.525 2.520 1.965 1.578 2.994 2.091 2.382 1.800 1.289 1.191
15 20 12.593 2.504 1.934 1.592 2.897 2.137 2.378 1.909 1.290 1.185
16 19 10.005 1.743 1.426 1.001 2.267 1.288 1.621 1.063 0.898 0.778
16 20 12.389 2.240 1.818 1.309 2.890 1.683 2.199 1.439 1.143 1.017
16 21 12.989 2.409 1.907 1.473 2.955 1.928 2.426 1.731 1.230 1.125
17 20 10.153 1.645 1.353 0.936 2.138 1.209 1.486 0.994 0.857 0.724
17 21 12.296 2.318 1.878 1.358 2.989 1.745 2.303 1.503 1.180 1.056
17 22 13.057 2.424 1.939 1.454 3.042 1.887 2.479 1.696 1.236 1.121
18 21 10.041 1.704 1.401 0.970 2.227 1.248 1.574 1.031 0.882 0.754
18 22 12.236 2.251 1.808 1.341 2.833 1.742 2.175 1.493 1.153 1.033
18 23 12.807 2.440 1.915 1.511 2.923 2.001 2.374 1.787 1.255 1.142
18 30 11.196 3.187 2.404 2.092 3.538 2.852 2.916 2.501 1.634 1.535
18 32 11.397 3.128 2.393 2.014 3.557 2.722 2.896 2.395 1.610 1.490
18 39 11.526 3.002 2.269 1.965 3.317 2.694 2.699 2.373 1.552 1.434
18 40 11.881 2.687 2.039 1.750 2.944 2.427 2.295 2.117 1.413 1.262
18 41 11.084 3.055 2.266 2.049 3.278 2.836 2.669 2.445 1.567 1.480
18 42 11.420 3.017 2.278 1.977 3.311 2.725 2.662 2.394 1.568 1.435
18 43 11.051 3.100 2.266 2.115 3.291 2.916 2.797 2.523 1.561 1.533
18 44 11.187 3.313 2.540 2.128 3.774 2.877 3.062 2.535 1.709 1.574
18 45 11.587 2.839 2.117 1.891 3.082 2.602 2.535 2.266 1.454 1.374
18 46 11.222 2.993 2.221 2.006 3.215 2.775 2.625 2.397 1.535 1.450
18 47 12.365 2.434 1.892 1.532 2.799 2.079 2.148 1.805 1.278 1.129
18 53 11.804 2.780 2.116 1.803 3.080 2.482 2.421 2.165 1.454 1.310
18 54 11.149 3.131 2.335 2.086 3.382 2.883 2.770 2.524 1.613 1.509
18 55 11.793 2.781 2.113 1.808 3.084 2.482 2.446 2.164 1.448 1.317
18 56 11.141 3.141 2.353 2.080 3.434 2.857 2.825 2.501 1.613 1.515
18 83 11.747 2.899 2.225 1.858 3.279 2.530 2.614 2.231 1.510 1.365
18 84 11.544 3.003 2.274 1.961 3.335 2.680 2.694 2.340 1.550 1.435
18 85 11.293 3.154 2.371 2.079 3.478 2.842 2.883 2.504 1.616 1.521
19 22 10.090 1.634 1.340 0.936 2.104 1.213 1.463 0.998 0.853 0.721
19 23 11.994 2.427 1.946 1.450 3.063 1.878 2.394 1.621 1.237 1.120
19 24 12.522 2.471 1.909 1.569 2.855 2.110 2.315 1.871 1.276 1.167
19 25 11.791 2.465 1.810 1.674 2.525 2.400 1.968 2.078 1.297 1.167
19 26 11.419 2.531 1.837 1.741 2.514 2.550 1.891 2.164 1.342 1.189
19 41 11.346 2.988 2.238 1.979 3.258 2.724 2.636 2.356 1.538 1.438
19 42 11.151 3.236 2.418 2.150 3.499 2.975 2.873 2.626 1.671 1.554
19 46 11.767 2.720 2.064 1.771 3.033 2.417 2.410 2.078 1.405 1.298
19 54 11.649 2.835 2.145 1.854 3.131 2.545 2.493 2.207 1.470 1.350
19 56 11.628 2.854 2.162 1.863 3.181 2.540 2.567 2.203 1.469 1.367
19 85 11.593 2.976 2.263 1.932 3.339 2.627 2.698 2.292 1.534 1.420
20 23 9.664 1.854 1.504 1.084 2.437 1.377 1.859 1.144 0.929 0.853
20 24 10.980 2.592 1.969 1.685 2.929 2.276 2.371 1.957 1.324 1.247
20 25 11.029 2.740 1.971 1.904 2.743 2.737 2.169 2.314 1.416 1.325
20 26 10.661 2.886 2.098 1.982 3.016 2.759 2.417 2.265 1.459 1.424
20 27 11.801 2.519 1.868 1.691 2.617 2.414 2.016 2.092 1.333 1.185
20 28 11.706 2.746 2.094 1.777 3.038 2.452 2.354 2.129 1.443 1.287
20 41 11.115 3.185 2.383 2.114 3.499 2.887 2.919 2.525 1.623 1.548
20 42 11.140 3.224 2.434 2.114 3.599 2.870 2.984 2.516 1.646 1.557
20 43 11.084 3.102 2.297 2.084 3.340 2.872 2.780 2.496 1.580 1.513
20 54 11.580 2.985 2.290 1.914 3.409 2.584 2.759 2.267 1.538 1.418
20 55 12.038 2.674 2.060 1.705 3.063 2.303 2.430 2.006 1.385 1.262
20 56 11.375 3.048 2.307 1.992 3.385 2.722 2.755 2.389 1.572 1.458
20 83 11.759 2.972 2.299 1.884 3.449 2.527 2.787 2.228 1.532 1.404
20 84 11.671 2.980 2.289 1.908 3.411 2.574 2.752 2.256 1.537 1.414
20 85 11.511 3.013 2.282 1.968 3.361 2.680 2.761 2.360 1.549 1.445
21 24 9.351 1.997 1.595 1.202 2.590 1.526 2.102 1.284 0.982 0.947
21 25 10.354 2.837 2.071 1.939 2.981 2.696 2.496 2.329 1.439 1.395
21 26 11.053 2.665 1.924 1.844 2.674 2.655 2.070 2.223 1.384 1.280
21 27 11.949 2.525 1.896 1.667 2.710 2.334 2.120 2.036 1.327 1.190
22 25 8.941 2.180 1.688 1.380 2.641 1.793 2.253 1.554 1.078 1.061
22 26 10.307 2.663 1.935 1.830 2.770 2.557 2.277 2.171 1.352 1.309
22 27 11.644 2.590 1.882 1.779 2.625 2.552 2.101 2.224 1.350 1.240
22 28 11.855 2.416 1.771 1.643 2.478 2.350 1.948 2.035 1.266 1.149
23 26 9.249 2.104 1.668 1.283 2.699 1.632 2.261 1.396 1.031 1.009
23 27 11.241 2.716 2.101 1.722 3.194 2.286 2.611 1.993 1.382 1.297
23 28 11.870 2.557 1.874 1.739 2.634 2.475 2.118 2.174 1.334 1.222
24 27 9.586 1.965 1.594 1.150 2.632 1.445 2.093 1.212 0.965 0.915
24 28 11.440 2.643 2.062 1.654 3.159 2.183 2.567 1.905 1.346 1.253
24 29 12.470 2.450 1.860 1.595 2.733 2.177 2.241 1.936 1.266 1.168
24 30 12.213 2.202 1.610 1.502 2.266 2.134 1.803 1.836 1.143 1.057
25 28 9.712 1.897 1.551 1.093 2.541 1.380 1.949 1.157 0.946 0.866
25 29 11.764 2.541 2.022 1.539 3.171 1.998 2.542 1.740 1.289 1.186
25 30 12.032 2.440 1.777 1.672 2.495 2.383 2.035 2.097 1.266 1.173
26 29 9.628 1.887 1.534 1.099 2.510 1.388 1.948 1.161 0.937 0.870
26 30 10.257 2.815 2.035 1.945 2.900 2.730 2.431 2.360 1.428 1.385
26 31 11.484 2.738 2.010 1.859 2.818 2.652 2.224 2.305 1.434 1.302
26 32 11.359 2.791 2.085 1.856 2.936 2.636 2.231 2.273 1.481 1.306
26 38 12.250 2.597 2.016 1.637 2.992 2.216 2.335 1.944 1.359 1.210
26 39 11.497 2.982 2.232 1.977 3.263 2.710 2.719 2.389 1.527 1.442
26 41 11.549 2.995 2.268 1.956 3.347 2.660 2.760 2.343 1.537 1.439
26 42 11.833 2.777 2.127 1.785 3.128 2.435 2.473 2.125 1.446 1.309
26 56 11.661 2.882 2.182 1.882 3.206 2.569 2.617 2.259 1.486 1.379
26 83 11.755 2.816 2.139 1.831 3.141 2.501 2.546 2.203 1.457 1.341
26 84 11.578 2.954 2.230 1.937 3.280 2.642 2.681 2.303 1.516 1.421
26 85 11.258 3.155 2.371 2.082 3.480 2.844 2.883 2.497 1.615 1.524
26 95 11.261 3.036 2.224 2.066 3.206 2.868 2.711 2.515 1.543 1.488
26 99 11.546 2.962 2.225 1.956 3.257 2.678 2.694 2.357 1.520 1.428
26 109 11.475 2.968 2.223 1.967 3.253 2.694 2.693 2.359 1.519 1.436
27 30 9.416 2.028 1.630 1.207 2.690 1.517 2.209 1.281 0.987 0.960
27 31 11.287 2.716 2.092 1.732 3.164 2.309 2.603 2.023 1.383 1.300
27 32 11.741 2.660 1.957 1.803 2.745 2.570 2.189 2.259 1.394 1.265
27 35 12.424 2.216 1.673 1.453 2.431 2.002 1.907 1.714 1.151 1.055
27 85 11.986 2.782 2.135 1.783 3.168 2.414 2.551 2.121 1.439 1.318
28 31 9.717 1.876 1.533 1.083 2.500 1.370 1.907 1.148 0.939 0.856
28 32 11.532 2.585 2.030 1.599 3.132 2.100 2.525 1.831 1.316 1.218
28 33 12.669 2.454 1.900 1.553 2.851 2.082 2.330 1.861 1.266 1.158
28 34 11.670 2.198 1.544 1.565 2.078 2.338 1.605 1.978 1.147 1.047
28 35 11.899 2.166 1.535 1.527 2.093 2.247 1.647 1.915 1.126 1.039
28 85 11.691 3.029 2.340 1.924 3.497 2.589 2.833 2.298 1.566 1.430
29 32 9.852 1.817 1.496 1.032 2.425 1.311 1.781 1.094 0.923 0.812
29 33 11.823 2.596 2.088 1.543 3.332 1.980 2.678 1.730 1.308 1.203
29 34 11.219 2.498 1.710 1.821 2.278 2.757 1.819 2.350 1.284 1.203
29 35 11.481 2.039 1.397 1.485 1.839 2.283 1.383 1.884 1.061 0.966
29 36 12.461 2.192 1.617 1.479 2.309 2.072 1.886 1.817 1.133 1.056
29 85 12.125 2.586 1.988 1.653 2.939 2.245 2.304 1.944 1.345 1.218
30 33 9.634 1.884 1.537 1.089 2.524 1.373 1.934 1.140 0.936 0.864
30 34 9.359 2.943 1.991 2.166 2.755 3.135 2.443 2.674 1.440 1.497
30 35 9.507 2.802 1.911 2.049 2.738 2.862 2.281 2.166 1.334 1.468
30 36 11.127 1.974 1.387 1.405 1.858 2.112 1.299 1.638 1.036 0.934
30 37 11.849 2.110 1.462 1.521 1.963 2.280 1.563 1.949 1.089 1.015
30 38 11.943 2.372 1.774 1.575 2.565 2.180 2.016 1.847 1.226 1.138
30 39 11.367 2.903 2.153 1.947 3.051 2.747 2.443 2.423 1.519 1.379
30 40 12.536 2.386 1.821 1.541 2.658 2.116 2.098 1.858 1.248 1.122
30 41 11.752 2.868 2.175 1.870 3.125 2.604 2.438 2.289 1.513 1.343
30 42 12.126 2.697 2.108 1.682 3.182 2.246 2.511 1.964 1.397 1.260
30 43 11.800 2.953 2.270 1.889 3.391 2.543 2.766 2.246 1.520 1.403
30 56 11.693 2.849 2.145 1.875 3.133 2.572 2.570 2.265 1.468 1.367
30 70 12.090 2.845 2.228 1.769 3.374 2.356 2.696 2.085 1.472 1.329
30 71 12.207 2.625 2.033 1.660 3.038 2.234 2.421 1.963 1.360 1.234
30 72 11.979 2.770 2.131 1.769 3.162 2.395 2.530 2.106 1.436 1.307
30 73 12.007 2.759 2.129 1.755 3.165 2.372 2.523 2.084 1.432 1.299
30 74 12.104 2.734 2.114 1.735 3.157 2.335 2.534 2.058 1.415 1.289
30 81 11.469 3.185 2.444 2.043 3.646 2.753 2.987 2.436 1.638 1.516
30 82 12.189 2.686 2.078 1.703 3.117 2.284 2.514 2.011 1.385 1.269
30 83 11.648 2.963 2.274 1.899 3.383 2.565 2.738 2.257 1.529 1.406
30 84 11.845 2.697 2.064 1.735 3.059 2.351 2.416 2.020 1.393 1.281
30 85 11.353 3.035 2.282 2.000 3.348 2.734 2.760 2.397 1.556 1.463
30 86 12.142 2.695 2.090 1.702 3.118 2.293 2.462 2.010 1.401 1.263
30 87 12.041 2.855 2.233 1.779 3.377 2.371 2.700 2.098 1.477 1.334
30 92 11.698 2.889 2.187 1.888 3.221 2.571 2.645 2.261 1.484 1.386
30 95 11.444 2.922 2.167 1.960 3.142 2.708 2.609 2.370 1.495 1.419
30 99 11.811 2.766 2.088 1.815 3.069 2.476 2.519 2.172 1.421 1.330
30 106 11.465 2.978 2.236 1.968 3.264 2.701 2.683 2.371 1.531 1.434
30 109 11.518 2.890 2.169 1.910 3.165 2.623 2.588 2.292 1.486 1.391
30 110 11.716 2.802 2.125 1.827 3.124 2.492 2.522 2.171 1.445 1.339
31 34 8.412 2.365 1.742 1.600 2.599 2.156 2.331 1.900 1.167 1.188
31 35 9.022 2.736 1.761 2.095 2.352 3.159 2.069 2.638 1.318 1.389
31 36 10.343 2.280 1.507 1.711 1.971 2.655 1.458 2.053 1.153 1.102
31 37 11.410 1.970 1.299 1.481 1.683 2.329 1.302 1.919 1.003 0.941
31 38 11.786 2.054 1.372 1.529 1.790 2.379 1.438 2.045 1.051 0.982
31 39 12.106 2.014 1.530 1.310 2.267 1.775 1.723 1.440 1.032 0.967
31 85 12.234 2.619 2.029 1.656 3.013 2.240 2.366 1.964 1.367 1.224
31 95 12.477 2.408 1.860 1.530 2.756 2.073 2.174 1.817 1.255 1.130
31 109 12.014 2.725 2.102 1.734 3.118 2.348 2.472 2.060 1.417 1.281
31 110 12.026 2.706 2.079 1.731 3.084 2.345 2.466 2.056 1.402 1.278
32 35 7.909 2.360 1.625 1.711 2.283 2.437 2.088 2.147 1.157 1.202
32 36 8.956 2.920 1.855 2.255 2.455 3.444 2.211 2.946 1.402 1.477
32 37 10.434 2.311 1.556 1.709 2.035 2.651 1.469 2.068 1.190 1.101
32 38 11.279 1.818 1.204 1.363 1.558 2.146 1.122 1.661 0.930 0.865
32 39 10.779 2.093 1.472 1.487 2.003 2.193 1.352 1.590 1.082 1.008
32 40 12.413 2.048 1.577 1.306 2.343 1.767 1.742 1.444 1.062 0.966
32 41 12.486 2.849 2.298 1.684 3.612 2.182 2.894 1.967 1.462 1.299
32 70 11.942 2.940 2.310 1.819 3.519 2.411 2.797 2.116 1.516 1.373
32 71 12.113 2.771 2.163 1.733 3.275 2.307 2.623 2.028 1.428 1.301
32 72 11.923 2.889 2.248 1.815 3.380 2.430 2.697 2.141 1.496 1.355
32 73 11.950 2.896 2.259 1.812 3.397 2.426 2.703 2.143 1.502 1.353
32 81 11.679 3.115 2.426 1.954 3.672 2.603 2.981 2.310 1.603 1.467
32 83 11.980 2.841 2.224 1.769 3.375 2.351 2.684 2.058 1.465 1.331
32 84 12.160 2.804 2.199 1.740 3.319 2.323 2.630 2.057 1.457 1.304
32 85 11.750 3.022 2.352 1.897 3.535 2.541 2.828 2.247 1.565 1.416
32 95 11.970 2.908 2.283 1.801 3.467 2.393 2.759 2.112 1.503 1.355
32 99 12.238 2.725 2.153 1.671 3.292 2.209 2.597 1.940 1.408 1.264
32 106 11.603 3.134 2.448 1.957 3.709 2.605 2.983 2.302 1.616 1.470
32 109 11.592 3.005 2.307 1.925 3.426 2.603 2.761 2.291 1.554 1.423
32 110 11.600 3.051 2.350 1.945 3.517 2.615 2.852 2.301 1.570 1.447
33 36 8.335 2.420 1.738 1.684 2.533 2.316 2.307 2.055 1.193 1.225
33 37 9.326 3.130 2.046 2.369 2.763 3.523 2.547 3.090 1.515 1.592
33 38 10.728 2.207 1.412 1.697 1.796 2.745 1.361 2.202 1.110 1.049
33 39 11.296 1.748 1.175 1.295 1.530 2.021 1.077 1.546 0.902 0.830
33 40 12.098 2.162 1.469 1.586 1.935 2.437 1.589 2.164 1.115 1.032
33 41 12.689 1.945 1.504 1.234 2.211 1.683 1.609 1.385 1.023 0.904
33 95 12.615 2.345 1.821 1.477 2.716 1.991 2.137 1.746 1.221 1.096
34 37 8.469 2.428 1.775 1.657 2.646 2.234 2.428 1.986 1.191 1.229
34 38 9.445 3.053 2.040 2.272 2.806 3.309 2.577 2.886 1.482 1.561
34 39 10.119 2.273 1.550 1.661 2.072 2.504 1.462 1.859 1.160 1.102
34 40 11.821 1.897 1.255 1.422 1.621 2.247 1.255 1.880 0.972 0.900
34 41 11.446 2.138 1.454 1.568 1.862 2.509 1.341 2.091 1.135 0.980
34 42 12.700 1.982 1.541 1.246 2.268 1.699 1.638 1.404 1.047 0.914
34 70 12.093 2.823 2.208 1.760 3.333 2.350 2.658 2.079 1.463 1.318
34 71 12.362 2.612 2.043 1.627 3.079 2.175 2.443 1.922 1.356 1.217
34 72 12.136 2.759 2.146 1.734 3.209 2.332 2.550 2.062 1.435 1.289
34 73 12.158 2.719 2.106 1.720 3.133 2.324 2.490 2.052 1.416 1.274
34 74 12.318 2.619 2.037 1.646 3.047 2.213 2.416 1.952 1.362 1.224
34 81 11.767 2.828 2.138 1.850 3.128 2.534 2.538 2.226 1.462 1.350
34 83 12.340 2.623 2.051 1.636 3.089 2.188 2.452 1.931 1.361 1.224
34 84 12.270 2.719 2.121 1.702 3.181 2.284 2.532 2.026 1.414 1.269
34 85 12.047 2.716 2.084 1.741 3.077 2.367 2.453 2.080 1.412 1.281
34 92 11.730 2.916 2.212 1.900 3.257 2.589 2.666 2.282 1.502 1.395
34 95 11.636 2.870 2.155 1.894 3.140 2.605 2.554 2.275 1.480 1.378
34 98 11.985 2.687 2.045 1.742 3.001 2.380 2.415 2.095 1.394 1.275
34 99 11.815 2.793 2.124 1.814 3.126 2.472 2.529 2.169 1.443 1.331
34 106 11.426 2.896 2.150 1.940 3.080 2.710 2.489 2.365 1.501 1.389
34 109 11.622 2.843 2.137 1.875 3.116 2.577 2.529 2.248 1.466 1.364
34 110 11.909 2.711 2.070 1.750 3.045 2.387 2.421 2.080 1.407 1.284
35 38 8.410 2.348 1.706 1.614 2.522 2.190 2.286 1.926 1.153 1.189
35 39 8.594 2.754 1.696 2.169 2.210 3.384 1.984 2.842 1.302 1.391
35 40 10.696 2.239 1.477 1.682 1.912 2.649 1.424 2.106 1.141 1.068
35 41 11.181 2.136 1.517 1.504 2.029 2.263 1.388 1.757 1.134 0.999
35 42 11.723 2.050 1.367 1.528 1.761 2.424 1.360 2.063 1.061 0.963
35 43 12.446 2.070 1.592 1.323 2.357 1.794 1.750 1.468 1.075 0.975
35 58 12.068 2.705 2.085 1.724 3.089 2.336 2.451 2.051 1.408 1.272
35 69 12.500 2.466 1.921 1.546 2.888 2.071 2.297 1.821 1.277 1.155
35 70 11.945 2.866 2.228 1.804 3.332 2.425 2.652 2.142 1.489 1.341
35 71 12.116 2.671 2.064 1.695 3.064 2.294 2.430 2.019 1.390 1.253
35 72 11.970 2.784 2.147 1.773 3.178 2.404 2.519 2.114 1.450 1.307
35 73 11.874 2.874 2.212 1.835 3.288 2.480 2.640 2.183 1.488 1.357
35 74 12.086 2.696 2.077 1.718 3.082 2.326 2.452 2.042 1.400 1.269
35 81 11.600 2.967 2.236 1.949 3.281 2.664 2.699 2.344 1.525 1.426
35 82 12.594 2.341 1.813 1.482 2.683 2.010 2.097 1.761 1.225 1.092
35 83 12.161 2.658 2.060 1.679 3.067 2.266 2.423 1.990 1.383 1.244
35 84 12.057 2.763 2.138 1.749 3.175 2.366 2.508 2.081 1.440 1.293
35 85 11.674 2.859 2.154 1.881 3.153 2.575 2.571 2.249 1.471 1.374
35 86 12.537 2.431 1.896 1.522 2.832 2.048 2.212 1.797 1.269 1.130
35 87 12.207 2.622 2.035 1.654 3.040 2.227 2.407 1.954 1.362 1.229
35 91 12.192 2.623 2.020 1.673 2.976 2.278 2.346 2.005 1.372 1.228
35 92 11.615 2.926 2.203 1.926 3.235 2.630 2.665 2.306 1.501 1.410
35 94 12.549 2.369 1.831 1.503 2.718 2.033 2.149 1.784 1.233 1.111
35 95 11.311 2.915 2.147 1.972 3.100 2.733 2.563 2.360 1.486 1.423
35 96 12.605 2.275 1.742 1.463 2.552 2.002 2.007 1.751 1.189 1.069
35 98 12.053 2.603 1.986 1.682 2.903 2.306 2.292 2.016 1.359 1.227
35 99 11.515 2.841 2.112 1.899 3.051 2.633 2.492 2.296 1.463 1.370
35 102 11.609 2.975 2.265 1.929 3.340 2.625 2.712 2.307 1.535 1.418
35 106 11.202 3.105 2.305 2.081 3.346 2.871 2.783 2.512 1.587 1.509
35 109 11.538 2.876 2.152 1.909 3.132 2.627 2.560 2.288 1.478 1.387
35 110 11.684 2.816 2.122 1.850 3.101 2.537 2.512 2.213 1.453 1.349
36 39 8.518 2.376 1.738 1.620 2.589 2.186 2.341 1.921 1.167 1.201
36 40 10.053 3.185 2.247 2.258 3.201 3.170 2.911 2.827 1.577 1.608
36 41 10.881 2.328 1.555 1.732 2.019 2.717 1.531 2.234 1.198 1.105
36 42 11.887 2.098 1.404 1.559 1.821 2.449 1.452 2.129 1.082 0.993
36 69 12.186 2.694 2.091 1.697 3.150 2.270 2.540 2.003 1.389 1.269
36 70 12.166 2.689 2.096 1.684 3.141 2.261 2.474 1.986 1.398 1.254
36 71 12.430 2.545 1.995 1.580 3.020 2.104 2.391 1.852 1.318 1.186
36 72 12.318 2.635 2.052 1.653 3.062 2.227 2.420 1.973 1.375 1.227
36 73 12.267 2.672 2.087 1.668 3.124 2.242 2.454 1.980 1.395 1.241
36 74 12.318 2.657 2.077 1.656 3.126 2.216 2.475 1.957 1.380 1.238
36 81 12.241 2.612 2.025 1.649 3.008 2.230 2.364 1.960 1.364 1.219
36 84 12.746 2.398 1.890 1.476 2.863 1.965 2.251 1.738 1.248 1.109
36 85 12.514 2.471 1.925 1.550 2.870 2.089 2.254 1.841 1.291 1.150
36 92 12.488 2.471 1.931 1.542 2.892 2.072 2.256 1.816 1.290 1.148
36 95 12.355 2.389 1.830 1.535 2.677 2.104 2.085 1.831 1.252 1.120
36 98 12.389 2.500 1.942 1.574 2.918 2.109 2.327 1.849 1.292 1.175
36 99 12.108 2.555 1.958 1.641 2.875 2.241 2.252 1.948 1.333 1.202
36 106 11.925 2.759 2.122 1.763 3.126 2.402 2.460 2.104 1.441 1.295
36 109 12.417 2.440 1.888 1.546 2.800 2.093 2.199 1.832 1.273 1.142
37 40 9.225 2.299 1.800 1.430 2.935 1.810 2.578 1.554 1.104 1.129
37 41 10.502 3.209 2.369 2.164 3.521 2.925 3.184 2.635 1.594 1.600
37 42 10.946 2.474 1.579 1.904 1.980 3.155 1.552 2.707 1.259 1.150
37 69 12.574 2.385 1.861 1.491 2.793 2.001 2.192 1.752 1.241 1.112
37 70 12.461 2.526 1.982 1.565 3.001 2.085 2.366 1.832 1.310 1.175
37 71 12.709 2.422 1.918 1.479 2.929 1.956 2.302 1.726 1.255 1.118
37 72 12.466 2.576 2.028 1.588 3.072 2.114 2.418 1.870 1.340 1.192
37 73 12.439 2.556 2.006 1.584 3.020 2.120 2.368 1.871 1.333 1.184
37 74 12.328 2.688 2.115 1.659 3.205 2.208 2.534 1.954 1.396 1.247
37 85 12.764 2.360 1.884 1.421 2.899 1.869 2.245 1.641 1.224 1.080
37 92 12.602 2.455 1.941 1.504 2.956 1.994 2.309 1.749 1.274 1.134
37 95 12.558 2.363 1.854 1.465 2.793 1.958 2.167 1.707 1.231 1.096
37 98 12.438 2.348 1.798 1.510 2.646 2.059 2.087 1.792 1.222 1.108
37 99 12.558 2.358 1.852 1.460 2.794 1.950 2.155 1.689 1.228 1.093
38 41 9.377 2.222 1.777 1.333 3.001 1.654 2.601 1.405 1.053 1.074
38 42 10.464 3.276 2.406 2.223 3.552 3.022 3.239 2.747 1.630 1.635
38 43 11.036 2.443 1.590 1.854 2.014 3.022 1.566 2.594 1.256 1.138
38 44 11.763 1.991 1.305 1.503 1.669 2.411 1.295 2.038 1.021 0.937
38 56 12.076 2.615 1.972 1.717 2.801 2.419 2.174 2.139 1.389 1.219
38 61 11.399 3.178 2.429 2.049 3.614 2.767 2.958 2.439 1.633 1.517
38 67 12.356 2.542 1.984 1.588 2.999 2.119 2.379 1.854 1.313 1.191
38 68 12.083 2.649 2.040 1.689 3.021 2.290 2.392 2.004 1.377 1.246
38 69 11.948 2.677 2.045 1.728 3.024 2.346 2.433 2.053 1.384 1.272
38 70 12.072 2.596 1.989 1.667 2.931 2.270 2.323 1.983 1.350 1.225
38 71 12.315 2.530 1.969 1.589 2.964 2.125 2.362 1.865 1.308 1.187
38 72 12.256 2.623 2.033 1.657 3.015 2.244 2.381 1.986 1.371 1.223
38 73 12.156 2.721 2.114 1.713 3.148 2.312 2.491 2.048 1.420 1.269
38 74 12.247 2.699 2.105 1.689 3.159 2.265 2.511 2.005 1.403 1.260
38 81 12.171 2.666 2.060 1.692 3.038 2.303 2.386 2.033 1.397 1.244
38 83 12.615 2.540 1.995 1.572 3.016 2.097 2.406 1.873 1.320 1.179
38 84 12.571 2.656 2.134 1.581 3.333 2.058 2.640 1.834 1.366 1.215
38 85 12.234 2.497 1.891 1.631 2.709 2.277 2.113 2.005 1.319 1.168
38 86 12.151 2.901 2.269 1.808 3.439 2.406 2.793 2.152 1.497 1.359
38 87 11.751 3.057 2.366 1.935 3.560 2.590 2.903 2.297 1.572 1.446
38 91 11.947 2.719 2.070 1.762 3.049 2.400 2.463 2.106 1.406 1.294
38 92 12.297 2.461 1.887 1.579 2.782 2.149 2.204 1.878 1.280 1.160
38 94 12.318 2.652 2.062 1.669 3.111 2.228 2.525 1.976 1.366 1.250
38 95 11.829 2.679 2.020 1.760 2.917 2.439 2.305 2.124 1.399 1.269
38 96 12.985 2.176 1.721 1.332 2.626 1.764 2.052 1.545 1.128 1.006
38 98 11.580 2.970 2.236 1.955 3.294 2.662 2.759 2.357 1.518 1.435
38 99 11.771 2.658 1.980 1.774 2.853 2.464 2.314 2.148 1.373 1.278
38 102 11.764 2.946 2.257 1.894 3.363 2.554 2.760 2.260 1.514 1.404
38 106 11.964 2.713 2.068 1.756 3.026 2.406 2.416 2.117 1.413 1.282
39 42 9.250 2.245 1.789 1.357 2.994 1.693 2.618 1.453 1.069 1.088
39 43 9.929 3.191 2.252 2.260 3.217 3.165 2.945 2.832 1.577 1.614
39 44 10.831 2.330 1.485 1.795 1.872 2.947 1.438 2.439 1.178 1.093
39 45 11.445 2.117 1.424 1.566 1.813 2.530 1.308 2.105 1.118 0.969
39 46 11.148 2.377 1.668 1.694 2.162 2.662 1.468 2.159 1.287 1.077
39 54 11.760 2.881 2.220 1.836 3.280 2.494 2.591 2.189 1.502 1.352
39 55 12.238 2.453 1.834 1.629 2.580 2.316 2.002 2.044 1.303 1.146
39 56 10.554 3.331 2.433 2.275 3.530 3.140 3.006 2.721 1.677 1.648
39 57 11.354 2.982 2.218 1.993 3.240 2.735 2.677 2.362 1.519 1.453
39 58 11.129 3.401 2.598 2.196 3.891 2.949 3.241 2.607 1.734 1.635
39 59 11.539 3.031 2.281 1.996 3.371 2.710 2.840 2.395 1.543 1.470
39 61 11.771 2.902 2.237 1.848 3.337 2.491 2.675 2.185 1.500 1.371
39 67 12.509 2.487 1.952 1.542 2.960 2.051 2.343 1.803 1.287 1.159
39 68 12.039 2.730 2.108 1.735 3.131 2.346 2.498 2.071 1.419 1.283
39 69 12.000 2.523 1.900 1.660 2.742 2.302 2.175 2.009 1.317 1.197
39 70 11.462 2.906 2.206 1.892 3.186 2.622 2.487 2.289 1.527 1.365
39 71 11.525 2.700 1.995 1.818 2.811 2.581 2.212 2.245 1.416 1.281
39 72 11.470 2.892 2.189 1.890 3.170 2.613 2.495 2.274 1.512 1.367
39 73 11.570 2.899 2.207 1.880 3.231 2.575 2.565 2.245 1.508 1.373
39 74 11.781 2.830 2.165 1.823 3.184 2.485 2.537 2.179 1.472 1.337
39 75 12.283 2.707 2.132 1.669 3.231 2.221 2.543 1.961 1.406 1.254
39 81 11.712 2.943 2.246 1.901 3.304 2.593 2.670 2.296 1.527 1.394
39 82 12.494 2.428 1.852 1.570 2.693 2.163 2.146 1.924 1.273 1.140
39 83 11.990 2.704 2.089 1.717 3.085 2.333 2.429 2.057 1.415 1.263
39 84 11.805 2.661 2.003 1.751 2.844 2.466 2.168 2.134 1.411 1.243
39 85 11.053 3.139 2.323 2.111 3.363 2.920 2.799 2.554 1.605 1.527
39 86 11.730 2.887 2.200 1.869 3.243 2.544 2.608 2.223 1.492 1.373
39 87 11.441 3.197 2.460 2.042 3.654 2.762 2.956 2.450 1.656 1.510
39 88 11.777 2.924 2.224 1.899 3.316 2.560 2.772 2.266 1.491 1.408
39 89 11.544 3.238 2.509 2.047 3.763 2.746 3.049 2.438 1.672 1.526
39 90 12.464 2.379 1.833 1.516 2.728 2.047 2.171 1.788 1.232 1.123
39 91 11.858 2.653 1.998 1.745 2.884 2.420 2.285 2.110 1.385 1.258
39 92 11.396 2.889 2.150 1.929 3.112 2.669 2.536 2.317 1.486 1.394
39 93 12.718 2.273 1.785 1.408 2.678 1.888 2.057 1.645 1.190 1.049
39 94 12.293 2.423 1.842 1.574 2.678 2.168 2.114 1.896 1.266 1.143
39 95 10.854 3.097 2.244 2.135 3.221 2.975 2.727 2.569 1.563 1.532
39 96 12.255 2.383 1.783 1.580 2.546 2.214 2.010 1.935 1.249 1.128
39 97 12.796 2.241 1.761 1.387 2.664 1.848 2.080 1.612 1.163 1.041
39 98 11.781 2.758 2.103 1.785 3.075 2.447 2.426 2.131 1.438 1.303
39 99 11.270 3.143 2.365 2.070 3.464 2.833 2.855 2.494 1.615 1.512
39 102 11.786 2.949 2.274 1.877 3.394 2.529 2.739 2.232 1.524 1.393
39 106 11.533 3.057 2.322 1.988 3.421 2.708 2.806 2.397 1.576 1.460
39 109 11.965 2.798 2.151 1.789 3.197 2.418 2.575 2.131 1.448 1.323
39 110 12.057 2.789 2.164 1.759 3.238 2.365 2.580 2.082 1.446 1.309
40 43 9.215 2.249 1.766 1.393 2.888 1.761 2.515 1.502 1.080 1.102
40 44 10.024 3.186 2.255 2.251 3.225 3.149 2.949 2.822 1.577 1.609
40 45 10.476 2.448 1.588 1.863 2.002 3.059 1.450 2.458 1.260 1.135
40 46 11.594 1.977 1.306 1.484 1.659 2.408 1.225 2.001 1.029 0.914
40 54 12.270 2.456 1.851 1.614 2.626 2.275 2.028 2.002 1.304 1.145
40 56 11.372 2.845 2.108 1.911 3.072 2.627 2.514 2.238 1.447 1.390
40 57 10.986 3.543 2.697 2.298 3.994 3.116 3.301 2.766 1.821 1.695
40 58 11.330 3.039 2.250 2.043 3.314 2.782 2.846 2.431 1.527 1.501
40 59 11.173 3.280 2.468 2.160 3.626 2.948 3.024 2.609 1.680 1.583
40 67 12.214 2.618 2.035 1.647 3.061 2.205 2.439 1.931 1.353 1.230
40 68 11.887 2.785 2.145 1.776 3.172 2.411 2.506 2.111 1.450 1.309
40 69 11.747 2.760 2.090 1.802 3.051 2.474 2.446 2.164 1.432 1.313
40 70 11.683 2.697 2.020 1.788 2.902 2.490 2.302 2.164 1.406 1.283
40 71 11.887 2.638 1.999 1.722 2.895 2.380 2.297 2.090 1.380 1.246
40 72 12.014 2.590 1.971 1.681 2.844 2.331 2.212 2.044 1.366 1.212
40 73 11.974 2.701 2.082 1.720 3.068 2.342 2.403 2.051 1.413 1.263
40 74 12.242 2.617 2.032 1.649 3.027 2.225 2.385 1.956 1.364 1.222
40 75 12.268 2.712 2.125 1.685 3.213 2.247 2.551 1.985 1.406 1.264
40 81 12.268 2.531 1.935 1.632 2.815 2.246 2.214 1.981 1.329 1.186
40 82 12.667 2.528 1.996 1.552 3.049 2.052 2.447 1.834 1.306 1.173
40 83 12.252 2.542 1.932 1.651 2.778 2.298 2.174 2.036 1.344 1.187
40 84 11.995 2.851 2.196 1.817 3.245 2.469 2.611 2.207 1.486 1.338
40 85 11.651 2.743 2.058 1.813 2.973 2.512 2.346 2.158 1.425 1.308
40 86 11.522 3.434 2.676 2.151 4.055 2.863 3.327 2.569 1.767 1.616
40 87 11.642 3.127 2.403 2.001 3.634 2.667 3.045 2.366 1.589 1.501
40 88 11.954 2.889 2.234 1.832 3.313 2.481 2.636 2.198 1.507 1.353
40 89 12.105 2.795 2.184 1.744 3.315 2.318 2.655 2.035 1.439 1.312
40 91 12.552 2.398 1.862 1.511 2.786 2.031 2.209 1.782 1.244 1.124
40 92 12.567 2.277 1.745 1.462 2.568 1.994 2.027 1.741 1.186 1.073
40 95 12.221 2.185 1.600 1.488 2.244 2.122 1.760 1.819 1.141 1.043
40 96 13.226 2.226 1.804 1.305 2.833 1.692 2.205 1.504 1.149 1.006
40 98 12.365 2.553 1.990 1.599 3.003 2.136 2.397 1.878 1.319 1.198
40 99 12.239 2.417 1.835 1.573 2.683 2.156 2.129 1.871 1.255 1.147
40 102 12.489 2.394 1.841 1.530 2.736 2.068 2.192 1.813 1.239 1.132
40 106 12.357 2.468 1.887 1.591 2.760 2.180 2.187 1.918 1.290 1.161
41 44 8.876 2.381 1.820 1.536 2.872 1.986 2.586 1.734 1.153 1.189
41 45 9.563 3.319 2.231 2.458 3.064 3.586 2.876 3.246 1.624 1.684
41 46 10.377 2.449 1.605 1.849 2.035 3.009 1.440 2.370 1.266 1.137
41 47 11.955 1.853 1.167 1.439 1.485 2.328 1.235 1.998 0.918 0.890
41 53 12.332 2.563 1.982 1.625 2.896 2.228 2.231 1.965 1.356 1.185
41 54 10.997 3.291 2.450 2.198 3.584 3.011 3.016 2.646 1.675 1.604
41 55 11.616 2.961 2.226 1.952 3.275 2.661 2.709 2.326 1.513 1.432
41 56 10.468 3.377 2.480 2.292 3.630 3.138 3.096 2.710 1.694 1.673
41 57 11.226 3.012 2.214 2.042 3.240 2.797 2.770 2.427 1.513 1.491
41 58 11.265 3.154 2.376 2.074 3.455 2.856 2.786 2.499 1.634 1.505
41 68 12.219 2.682 2.091 1.680 3.139 2.253 2.494 1.988 1.392 1.253
41 69 12.376 2.427 1.872 1.544 2.778 2.090 2.196 1.828 1.262 1.141
41 70 11.635 2.780 2.115 1.804 3.071 2.488 2.399 2.164 1.456 1.308
41 71 11.661 2.688 2.007 1.788 2.862 2.507 2.263 2.189 1.407 1.274
41 72 11.582 2.766 2.087 1.815 3.004 2.523 2.347 2.189 1.450 1.305
41 73 11.695 2.756 2.081 1.808 3.012 2.500 2.386 2.177 1.437 1.307
41 74 12.056 2.635 2.024 1.686 2.982 2.296 2.352 2.012 1.375 1.238
41 75 12.448 2.585 2.040 1.589 3.092 2.114 2.420 1.863 1.345 1.194
41 80 12.796 2.442 1.948 1.473 2.992 1.941 2.339 1.722 1.268 1.118
41 81 11.898 2.793 2.150 1.783 3.180 2.420 2.533 2.133 1.453 1.314
41 82 12.358 2.453 1.878 1.578 2.731 2.174 2.132 1.914 1.292 1.146
41 83 11.485 2.892 2.186 1.894 3.174 2.612 2.522 2.276 1.506 1.373
41 84 11.349 2.946 2.207 1.952 3.212 2.687 2.585 2.312 1.516 1.418
41 85 10.644 3.242 2.368 2.214 3.405 3.081 2.844 2.664 1.647 1.591
41 86 11.582 2.954 2.241 1.925 3.335 2.599 2.753 2.267 1.506 1.425
41 87 11.492 2.975 2.238 1.960 3.233 2.717 2.602 2.395 1.549 1.415
41 88 12.180 2.631 2.045 1.655 3.087 2.209 2.466 1.928 1.354 1.240
41 89 12.054 2.894 2.277 1.786 3.455 2.375 2.729 2.096 1.501 1.343
41 90 12.734 2.330 1.829 1.444 2.767 1.924 2.176 1.688 1.209 1.084
41 91 11.938 2.709 2.067 1.751 3.032 2.393 2.416 2.097 1.409 1.281
41 92 11.586 2.880 2.184 1.877 3.216 2.557 2.614 2.238 1.483 1.378
41 93 12.537 2.439 1.904 1.524 2.848 2.050 2.223 1.798 1.273 1.133
41 94 12.260 2.557 1.984 1.614 2.946 2.183 2.304 1.912 1.336 1.193
41 95 11.033 2.983 2.196 2.018 3.158 2.808 2.589 2.423 1.527 1.451
41 96 12.371 2.465 1.899 1.571 2.804 2.135 2.212 1.872 1.286 1.156
41 98 12.030 2.672 2.057 1.705 3.055 2.306 2.427 2.013 1.385 1.261
41 99 11.769 2.791 2.147 1.783 3.189 2.411 2.534 2.099 1.445 1.319
41 102 12.198 2.705 2.115 1.686 3.195 2.249 2.534 1.977 1.400 1.264
41 106 12.138 2.806 2.207 1.733 3.351 2.303 2.661 2.038 1.453 1.304
42 45 8.837 2.476 1.883 1.608 2.966 2.081 2.739 1.850 1.196 1.242
42 46 9.536 3.235 2.179 2.391 3.015 3.460 2.844 3.112 1.575 1.652
42 47 10.620 2.211 1.281 1.802 1.542 3.241 1.203 2.688 1.065 1.002
42 49 11.509 2.054 1.308 1.584 1.630 2.653 1.270 2.293 1.049 0.946
42 53 11.915 2.834 2.132 1.867 3.045 2.615 2.429 2.337 1.493 1.333
42 54 11.289 3.065 2.297 2.029 3.371 2.773 2.793 2.422 1.565 1.485
42 55 11.333 3.530 2.745 2.220 4.136 2.968 3.389 2.668 1.822 1.660
42 56 10.653 3.014 2.154 2.108 3.072 2.957 2.605 2.518 1.510 1.503
42 57 10.823 3.313 2.430 2.252 3.488 3.139 2.927 2.762 1.693 1.615
42 58 11.489 3.035 2.333 1.941 3.520 2.593 2.873 2.252 1.547 1.454
42 59 11.368 3.217 2.458 2.076 3.673 2.793 3.049 2.472 1.645 1.543
42 68 12.078 2.770 2.155 1.740 3.232 2.334 2.569 2.055 1.436 1.297
42 69 12.225 2.544 1.964 1.616 2.928 2.179 2.331 1.908 1.318 1.198
42 70 11.567 2.804 2.102 1.855 3.042 2.567 2.449 2.240 1.453 1.341
42 71 11.766 2.678 2.027 1.750 2.932 2.423 2.304 2.111 1.402 1.264
42 72 11.782 2.648 1.987 1.750 2.841 2.448 2.234 2.140 1.390 1.251
42 73 11.820 2.627 1.975 1.733 2.828 2.421 2.229 2.120 1.379 1.241
42 74 12.201 2.499 1.914 1.606 2.807 2.196 2.209 1.921 1.305 1.175
42 75 12.538 2.501 1.970 1.540 3.001 2.041 2.369 1.794 1.293 1.162
42 80 12.697 2.598 2.077 1.561 3.211 2.048 2.542 1.829 1.343 1.191
42 81 11.837 2.703 2.057 1.754 2.972 2.430 2.315 2.126 1.423 1.267
42 82 12.031 2.758 2.120 1.764 3.117 2.407 2.485 2.139 1.442 1.293
42 83 11.393 3.006 2.256 1.987 3.261 2.751 2.628 2.411 1.560 1.435
42 84 11.121 3.279 2.470 2.156 3.581 2.978 2.906 2.638 1.704 1.561
42 85 10.770 3.074 2.248 2.096 3.237 2.914 2.660 2.480 1.562 1.508
42 86 11.498 3.097 2.360 2.005 3.464 2.739 2.800 2.425 1.608 1.468
42 87 11.681 2.803 2.149 1.800 3.203 2.428 2.561 2.097 1.442 1.335
42 88 12.234 2.703 2.100 1.702 3.159 2.278 2.546 2.016 1.396 1.272
42 89 12.244 2.705 2.127 1.672 3.238 2.217 2.563 1.944 1.397 1.261
42 91 12.048 2.770 2.139 1.759 3.196 2.368 2.574 2.090 1.432 1.307
42 92 11.549 2.648 1.966 1.774 2.804 2.488 2.217 2.143 1.379 1.265
42 93 12.817 2.350 1.868 1.425 2.855 1.884 2.207 1.653 1.223 1.078
42 94 12.467 2.593 2.039 1.603 3.112 2.121 2.498 1.878 1.336 1.211
42 95 11.102 2.824 2.075 1.916 2.949 2.696 2.340 2.293 1.460 1.362
42 96 12.285 2.481 1.901 1.594 2.803 2.170 2.231 1.902 1.290 1.171
42 97 12.973 2.241 1.789 1.351 2.751 1.778 2.125 1.557 1.163 1.026
42 98 12.057 2.683 2.062 1.716 3.079 2.312 2.497 2.032 1.382 1.274
42 99 11.484 2.693 1.991 1.813 2.856 2.529 2.303 2.179 1.388 1.300
42 102 12.005 2.715 2.083 1.741 3.099 2.351 2.499 2.062 1.401 1.288
42 106 12.038 2.740 2.114 1.743 3.127 2.365 2.475 2.083 1.429 1.284
43 46 8.615 2.451 1.806 1.657 2.728 2.212 2.532 1.978 1.196 1.242
43 47 9.676 3.354 2.269 2.469 3.142 3.570 2.981 3.251 1.639 1.708
43 48 10.759 2.208 1.362 1.738 1.684 2.955 1.269 2.399 1.102 1.022
43 49 11.465 1.941 1.309 1.433 1.655 2.341 1.127 1.879 1.035 0.878
43 53 11.520 2.934 2.171 1.973 3.056 2.804 2.424 2.473 1.543 1.388
43 54 10.920 3.080 2.288 2.062 3.285 2.874 2.550 2.402 1.593 1.480
43 55 11.070 2.924 2.113 2.021 3.015 2.833 2.537 2.446 1.480 1.442
43 56 10.291 3.171 2.227 2.258 3.165 3.178 2.732 2.681 1.568 1.604
43 57 10.839 3.154 2.357 2.095 3.490 2.841 2.894 2.428 1.592 1.545
43 58 11.247 3.043 2.257 2.041 3.262 2.827 2.689 2.469 1.562 1.474
43 59 11.275 3.097 2.324 2.047 3.407 2.800 2.809 2.444 1.585 1.497
43 69 12.356 2.483 1.913 1.584 2.839 2.144 2.268 1.885 1.288 1.171
43 70 11.643 2.946 2.268 1.879 3.357 2.549 2.668 2.242 1.533 1.385
43 71 11.806 2.630 1.986 1.724 2.873 2.387 2.272 2.080 1.373 1.246
43 72 11.639 2.733 2.077 1.777 3.019 2.448 2.352 2.112 1.429 1.290
43 73 11.557 2.676 1.993 1.786 2.856 2.493 2.255 2.138 1.390 1.280
43 74 11.787 2.729 2.069 1.780 3.013 2.449 2.394 2.136 1.421 1.294
43 75 12.220 2.584 2.001 1.636 2.973 2.211 2.342 1.938 1.346 1.210
43 76 12.722 2.425 1.921 1.479 2.936 1.956 2.304 1.726 1.257 1.118
43 79 12.724 2.473 1.963 1.505 3.008 1.986 2.375 1.761 1.281 1.141
43 80 12.594 2.535 2.008 1.547 3.064 2.049 2.415 1.820 1.316 1.169
43 81 11.430 2.911 2.180 1.929 3.147 2.674 2.510 2.313 1.509 1.392
43 82 11.693 2.871 2.186 1.861 3.189 2.556 2.523 2.236 1.498 1.355
43 83 11.087 3.133 2.335 2.089 3.410 2.867 2.829 2.498 1.599 1.522
43 84 11.233 3.058 2.296 2.021 3.380 2.753 2.778 2.378 1.559 1.483
43 85 10.848 3.036 2.219 2.073 3.203 2.874 2.646 2.441 1.537 1.495
43 86 11.939 2.684 2.057 1.723 3.037 2.343 2.401 2.036 1.394 1.268
43 87 12.231 2.578 1.989 1.639 2.954 2.217 2.351 1.952 1.340 1.212
43 88 12.531 2.459 1.920 1.536 2.893 2.054 2.290 1.804 1.275 1.149
43 89 12.196 2.922 2.313 1.785 3.552 2.353 2.848 2.098 1.507 1.355
43 91 12.104 2.498 1.881 1.644 2.722 2.275 2.170 1.985 1.300 1.188
43 92 11.269 2.963 2.190 1.995 3.176 2.756 2.633 2.389 1.511 1.445
43 93 12.402 2.491 1.941 1.561 2.889 2.108 2.241 1.846 1.305 1.156
43 94 12.346 2.341 1.786 1.514 2.616 2.072 2.062 1.801 1.220 1.106
43 95 10.821 2.982 2.144 2.072 3.066 2.899 2.578 2.469 1.500 1.481
43 96 11.780 2.815 2.149 1.818 3.164 2.477 2.530 2.166 1.459 1.335
43 97 12.691 2.282 1.791 1.415 2.696 1.893 2.089 1.650 1.190 1.058
43 98 11.995 2.502 1.875 1.657 2.709 2.296 2.171 1.997 1.298 1.196
43 99 11.158 3.013 2.226 2.030 3.219 2.810 2.669 2.445 1.539 1.467
43 102 11.814 2.867 2.200 1.838 3.263 2.489 2.628 2.191 1.483 1.357
43 106 11.724 3.053 2.342 1.958 3.488 2.642 2.862 2.350 1.573 1.451
44 47 8.765 2.452 1.840 1.621 2.849 2.123 2.634 1.884 1.188 1.238
44 48 9.636 3.297 2.222 2.436 3.067 3.534 2.894 3.194 1.609 1.680
44 49 10.680 2.184 1.409 1.669 1.792 2.699 1.320 2.134 1.107 1.032
44 50 11.827 1.938 1.315 1.424 1.709 2.228 1.277 1.850 1.011 0.910
44 51 12.068 2.455 1.826 1.642 2.563 2.340 1.985 2.047 1.301 1.152
44 52 11.738 2.706 2.074 1.738 3.060 2.363 2.402 2.042 1.406 1.278
44 53 11.272 3.258 2.490 2.101 3.596 2.913 2.782 2.564 1.725 1.516
44 54 11.095 3.046 2.238 2.066 3.170 2.918 2.539 2.522 1.580 1.464
44 55 11.154 3.091 2.295 2.072 3.250 2.926 2.538 2.524 1.620 1.467
44 56 10.765 3.203 2.409 2.111 3.573 2.859 2.936 2.447 1.624 1.559
44 57 11.151 3.266 2.453 2.156 3.632 2.924 3.078 2.580 1.656 1.590
44 58 11.583 3.002 2.288 1.944 3.384 2.638 2.749 2.313 1.546 1.433
44 70 11.930 2.744 2.108 1.757 3.116 2.386 2.474 2.086 1.426 1.294
44 71 12.026 2.601 1.976 1.692 2.904 2.309 2.346 2.023 1.344 1.240
44 72 11.948 2.641 2.008 1.715 2.915 2.366 2.295 2.074 1.384 1.243
44 73 11.745 2.767 2.102 1.800 3.044 2.488 2.392 2.180 1.451 1.302
44 74 12.096 2.521 1.909 1.647 2.768 2.274 2.192 1.989 1.317 1.192
44 75 12.167 2.633 2.040 1.665 3.043 2.244 2.406 1.965 1.368 1.235
44 79 12.509 2.466 1.926 1.540 2.899 2.060 2.290 1.807 1.279 1.151
44 80 12.213 2.693 2.071 1.721 3.042 2.350 2.424 2.093 1.410 1.261
44 81 11.544 3.055 2.354 1.946 3.495 2.633 2.784 2.313 1.586 1.438
44 82 11.607 3.090 2.356 1.999 3.488 2.710 2.866 2.404 1.591 1.474
44 83 11.359 3.205 2.456 2.060 3.665 2.775 2.994 2.440 1.645 1.529
44 84 11.457 3.179 2.431 2.048 3.585 2.787 2.904 2.472 1.648 1.505
44 85 11.585 2.811 2.146 1.816 3.141 2.486 2.461 2.154 1.466 1.326
44 86 12.108 2.752 2.137 1.734 3.190 2.335 2.527 2.059 1.432 1.287
44 87 12.479 2.500 1.961 1.552 2.967 2.067 2.340 1.812 1.295 1.165
44 91 12.612 2.454 1.914 1.535 2.893 2.047 2.323 1.810 1.267 1.151
44 92 12.273 2.590 2.042 1.593 3.083 2.127 2.370 1.853 1.353 1.193
44 95 12.173 2.495 1.945 1.562 2.878 2.119 2.171 1.826 1.315 1.151
44 96 12.604 2.509 1.974 1.550 2.981 2.068 2.344 1.831 1.307 1.161
44 98 12.990 2.221 1.765 1.348 2.719 1.772 2.135 1.556 1.146 1.025
44 99 12.327 2.483 1.927 1.566 2.870 2.113 2.242 1.840 1.294 1.161
45 48 8.552 2.414 1.772 1.640 2.659 2.199 2.450 1.955 1.180 1.223
45 49 9.451 2.966 1.994 2.196 2.768 3.165 2.535 2.731 1.436 1.524
45 50 10.695 2.338 1.531 1.767 1.965 2.819 1.474 2.278 1.193 1.108
45 51 11.772 2.265 1.667 1.533 2.309 2.216 1.710 1.864 1.204 1.060
45 52 11.409 2.601 1.933 1.740 2.668 2.525 1.935 2.141 1.401 1.199
45 53 11.492 2.705 2.027 1.791 2.929 2.482 2.330 2.142 1.403 1.293
45 54 11.492 2.760 2.043 1.856 2.844 2.668 2.189 2.333 1.468 1.291
45 55 11.613 3.212 2.493 2.025 3.670 2.759 2.854 2.446 1.694 1.486
45 56 11.562 2.710 1.983 1.847 2.759 2.656 2.165 2.311 1.425 1.285
45 57 11.492 3.185 2.432 2.055 3.631 2.768 3.008 2.449 1.629 1.526
45 70 12.504 2.393 1.839 1.532 2.742 2.065 2.220 1.814 1.233 1.137
45 71 12.875 2.167 1.687 1.359 2.539 1.819 2.016 1.594 1.121 1.016
45 72 12.567 2.303 1.769 1.474 2.622 1.997 2.097 1.751 1.193 1.088
45 73 12.407 2.339 1.775 1.523 2.584 2.096 2.054 1.836 1.220 1.107
45 74 12.570 2.350 1.824 1.481 2.719 1.997 2.135 1.749 1.224 1.098
45 75 12.375 2.496 1.921 1.594 2.846 2.160 2.270 1.899 1.296 1.176
45 79 12.367 2.539 1.957 1.617 2.898 2.193 2.309 1.936 1.322 1.193
45 80 11.883 2.960 2.281 1.887 3.399 2.545 2.767 2.266 1.531 1.399
45 81 11.538 2.931 2.207 1.930 3.220 2.650 2.608 2.312 1.513 1.405
45 82 11.484 3.292 2.546 2.087 3.831 2.793 3.143 2.485 1.692 1.560
45 83 11.554 2.967 2.254 1.929 3.326 2.623 2.702 2.293 1.527 1.419
45 84 11.672 2.858 2.156 1.876 3.131 2.587 2.524 2.275 1.484 1.360
45 85 11.763 2.715 2.063 1.765 2.979 2.446 2.305 2.121 1.428 1.274
45 86 12.290 2.675 2.090 1.668 3.146 2.232 2.494 1.971 1.389 1.247
45 87 12.403 2.604 2.036 1.623 3.069 2.169 2.441 1.919 1.351 1.214
45 92 11.952 2.415 1.787 1.625 2.544 2.283 2.025 1.973 1.256 1.156
45 95 11.911 2.451 1.817 1.645 2.586 2.311 2.044 1.992 1.276 1.171
45 96 12.309 2.576 1.998 1.625 3.000 2.179 2.402 1.916 1.331 1.212
45 99 12.145 2.480 1.884 1.612 2.768 2.200 2.214 1.911 1.282 1.181
46 49 7.999 2.305 1.577 1.681 2.197 2.414 2.004 2.127 1.131 1.171
46 50 9.294 2.919 1.949 2.173 2.687 3.156 2.422 2.689 1.414 1.496
46 51 10.290 2.539 1.793 1.798 2.457 2.629 1.815 2.069 1.309 1.229
46 52 10.517 2.638 1.899 1.831 2.768 2.517 2.217 1.970 1.303 1.332
46 53 10.399 2.797 2.028 1.927 3.007 2.610 2.451 2.046 1.368 1.422
46 54 10.468 2.889 2.130 1.952 3.195 2.619 2.659 2.128 1.420 1.455
46 55 11.601 2.690 2.018 1.778 2.892 2.482 2.262 2.147 1.409 1.273
46 56 11.103 2.942 2.152 2.006 3.021 2.858 2.364 2.436 1.533 1.408
46 57 11.887 2.626 1.985 1.720 2.844 2.402 2.181 2.073 1.386 1.231
46 70 12.191 2.708 2.108 1.701 3.155 2.286 2.507 2.020 1.408 1.266
46 71 12.225 2.400 1.810 1.577 2.636 2.169 2.124 1.894 1.243 1.146
46 72 11.824 2.656 2.008 1.738 2.911 2.401 2.289 2.078 1.385 1.258
46 73 11.439 2.756 2.036 1.858 2.922 2.590 2.364 2.229 1.418 1.333
46 74 11.717 2.620 1.949 1.751 2.803 2.436 2.247 2.103 1.355 1.258
46 75 11.924 2.753 2.125 1.750 3.153 2.369 2.490 2.071 1.432 1.293
46 76 12.550 2.399 1.860 1.516 2.785 2.036 2.223 1.787 1.242 1.128
46 79 12.186 2.829 2.236 1.733 3.410 2.296 2.692 2.031 1.466 1.309
46 80 11.776 2.931 2.246 1.883 3.341 2.544 2.719 2.242 1.510 1.394
46 81 10.945 3.218 2.376 2.170 3.469 2.978 2.931 2.591 1.628 1.581
46 82 11.626 2.823 2.142 1.839 3.170 2.494 2.568 2.156 1.447 1.356
46 83 11.414 2.856 2.148 1.882 3.112 2.601 2.475 2.252 1.483 1.362
46 84 11.568 2.703 2.035 1.779 2.958 2.451 2.326 2.088 1.399 1.292
46 85 11.207 2.949 2.169 1.998 3.141 2.762 2.611 2.380 1.498 1.445
46 86 12.228 2.498 1.921 1.598 2.823 2.180 2.201 1.897 1.307 1.171
46 87 12.147 2.569 1.968 1.651 2.904 2.246 2.316 1.966 1.333 1.215
46 88 12.264 2.536 1.946 1.627 2.880 2.206 2.308 1.937 1.314 1.200
46 89 12.005 2.850 2.222 1.785 3.339 2.391 2.653 2.108 1.479 1.332
46 91 11.708 2.725 2.042 1.804 2.931 2.515 2.322 2.190 1.423 1.294
46 92 10.800 3.084 2.200 2.161 3.133 3.036 2.689 2.618 1.545 1.539
46 93 12.098 2.552 1.980 1.610 2.913 2.195 2.211 1.897 1.345 1.181
46 94 12.097 2.444 1.842 1.607 2.654 2.231 2.084 1.936 1.278 1.157
46 95 10.709 3.089 2.183 2.186 3.090 3.088 2.673 2.663 1.542 1.547
46 96 11.827 2.622 1.991 1.706 2.902 2.345 2.261 2.013 1.367 1.241
46 98 12.250 2.467 1.879 1.598 2.752 2.188 2.190 1.912 1.283 1.168
46 99 11.608 2.871 2.162 1.890 3.170 2.584 2.602 2.262 1.474 1.382
47 50 8.504 2.291 1.684 1.554 2.503 2.100 2.235 1.847 1.133 1.150
47 51 9.668 2.833 1.963 2.043 2.759 2.907 2.397 2.456 1.396 1.436
47 52 9.953 2.893 2.065 2.026 2.930 2.855 2.314 2.282 1.455 1.437
47 53 10.864 2.788 2.062 1.876 2.947 2.626 2.255 2.165 1.443 1.340
47 54 11.096 2.721 1.991 1.855 2.773 2.665 2.107 2.241 1.429 1.291
47 55 11.645 2.851 2.159 1.861 3.115 2.582 2.446 2.261 1.496 1.342
47 72 12.640 2.427 1.897 1.514 2.849 2.029 2.257 1.796 1.262 1.130
47 73 12.561 2.324 1.789 1.483 2.628 2.024 2.053 1.773 1.218 1.086
47 74 12.517 2.440 1.905 1.524 2.853 2.047 2.231 1.796 1.272 1.134
47 75 12.186 2.638 2.039 1.674 3.033 2.261 2.409 1.985 1.370 1.240
47 80 11.763 3.258 2.581 1.988 3.979 2.612 3.199 2.323 1.674 1.513
47 81 12.025 2.719 2.085 1.746 3.098 2.360 2.503 2.071 1.403 1.291
47 82 11.927 2.972 2.308 1.872 3.463 2.511 2.789 2.228 1.538 1.396
47 83 12.251 2.606 2.014 1.654 2.981 2.243 2.344 1.969 1.361 1.219
47 84 12.710 2.369 1.858 1.470 2.790 1.970 2.181 1.737 1.237 1.097
47 85 12.547 2.303 1.765 1.479 2.578 2.029 2.012 1.774 1.208 1.078
47 92 12.445 2.335 1.794 1.495 2.635 2.040 2.055 1.774 1.221 1.095
47 95 12.616 2.094 1.577 1.378 2.274 1.911 1.782 1.649 1.093 0.993
48 51 9.005 2.158 1.670 1.367 2.630 1.770 2.247 1.517 1.060 1.056
48 52 10.054 2.752 1.974 1.918 2.810 2.694 2.361 2.298 1.386 1.365
48 53 10.761 2.650 1.869 1.878 2.561 2.747 2.006 2.285 1.364 1.284
48 54 11.580 2.464 1.812 1.669 2.517 2.405 1.912 2.058 1.305 1.158
48 74 12.697 2.343 1.832 1.461 2.757 1.954 2.173 1.718 1.217 1.092
48 75 12.247 2.638 2.049 1.662 3.067 2.233 2.438 1.964 1.369 1.237
48 80 11.813 2.950 2.262 1.893 3.385 2.545 2.792 2.252 1.511 1.409
48 81 12.305 2.477 1.896 1.594 2.775 2.182 2.188 1.915 1.295 1.164
48 82 12.355 2.544 1.970 1.610 2.939 2.169 2.336 1.907 1.321 1.194
48 83 12.656 2.509 1.987 1.533 3.040 2.025 2.405 1.793 1.298 1.160
48 84 12.790 2.395 1.887 1.474 2.871 1.956 2.284 1.736 1.240 1.111
48 85 12.532 2.448 1.904 1.538 2.841 2.072 2.242 1.827 1.276 1.142
49 52 8.700 2.205 1.669 1.440 2.547 1.907 2.202 1.657 1.094 1.088
49 53 9.798 2.687 1.897 1.904 2.687 2.687 2.258 2.240 1.338 1.349
49 54 10.555 2.827 2.026 1.971 2.827 2.827 2.225 2.351 1.452 1.375
49 55 11.954 2.438 1.814 1.629 2.570 2.299 2.003 1.986 1.280 1.154
49 71 12.699 2.326 1.814 1.456 2.733 1.947 2.169 1.708 1.204 1.089
49 72 11.989 2.753 2.113 1.766 3.120 2.399 2.492 2.111 1.431 1.299
49 73 12.073 2.692 2.064 1.728 3.042 2.353 2.430 2.072 1.400 1.270
49 74 11.791 2.769 2.095 1.811 3.058 2.486 2.461 2.177 1.435 1.319
49 75 11.816 2.884 2.232 1.828 3.330 2.462 2.650 2.160 1.495 1.357
49 79 12.136 2.794 2.196 1.729 3.344 2.292 2.670 2.022 1.441 1.304
49 80 11.769 2.876 2.200 1.852 3.243 2.522 2.599 2.217 1.493 1.361
49 81 11.650 2.919 2.223 1.892 3.275 2.577 2.646 2.261 1.509 1.389
49 82 11.919 2.728 2.099 1.743 3.093 2.373 2.427 2.072 1.424 1.280
49 83 11.940 2.739 2.115 1.740 3.130 2.361 2.458 2.066 1.429 1.283
49 84 11.812 2.861 2.191 1.840 3.221 2.509 2.561 2.204 1.490 1.349
49 85 11.390 3.029 2.268 2.007 3.308 2.758 2.718 2.413 1.555 1.461
49 86 11.877 2.780 2.132 1.783 3.142 2.428 2.489 2.124 1.447 1.310
49 87 11.660 2.903 2.218 1.873 3.270 2.549 2.622 2.232 1.504 1.377
49 95 11.462 2.966 2.213 1.975 3.219 2.720 2.661 2.385 1.522 1.434
50 53 9.183 2.172 1.718 1.328 2.783 1.688 2.356 1.451 1.061 1.045
50 54 10.785 2.819 2.125 1.852 3.157 2.505 2.627 2.176 1.430 1.370
50 55 11.974 2.644 1.957 1.778 2.773 2.509 2.255 2.238 1.381 1.259
50 73 12.621 2.431 1.904 1.512 2.862 2.025 2.252 1.786 1.266 1.129
50 81 12.534 2.514 1.972 1.560 2.970 2.086 2.337 1.844 1.310 1.166
50 82 12.442 2.589 2.026 1.612 3.055 2.153 2.423 1.903 1.344 1.206
50 83 12.627 2.563 2.040 1.551 3.131 2.045 2.454 1.811 1.330 1.177
50 85 12.311 2.645 2.060 1.659 3.067 2.239 2.406 1.979 1.384 1.228
51 54 9.625 1.960 1.597 1.137 2.643 1.427 2.072 1.192 0.965 0.906
51 55 11.798 2.609 2.092 1.559 3.326 2.005 2.677 1.752 1.316 1.212
51 56 12.252 2.543 1.878 1.715 2.687 2.397 2.257 2.156 1.313 1.226
51 73 12.461 2.514 1.960 1.575 2.939 2.114 2.332 1.867 1.307 1.174
51 74 11.753 2.917 2.243 1.865 3.327 2.525 2.660 2.218 1.512 1.377
51 80 12.225 2.685 2.102 1.671 3.177 2.228 2.515 1.958 1.391 1.253
51 81 12.435 2.452 1.899 1.550 2.837 2.087 2.257 1.835 1.272 1.151
51 82 12.347 2.602 2.028 1.631 3.053 2.181 2.438 1.924 1.347 1.219
51 83 12.712 2.448 1.937 1.497 2.964 1.978 2.350 1.752 1.266 1.133
51 84 12.649 2.393 1.880 1.481 2.844 1.974 2.236 1.737 1.243 1.111
51 85 12.446 2.513 1.955 1.580 2.925 2.123 2.325 1.876 1.307 1.175
52 55 10.011 1.799 1.490 1.008 2.419 1.279 1.740 1.064 0.918 0.794
52 56 11.874 2.709 2.196 1.587 3.575 2.011 2.921 1.771 1.349 1.252
52 57 12.842 2.525 1.967 1.583 3.006 2.093 2.539 1.903 1.288 1.197
52 72 12.144 2.654 2.044 1.694 2.999 2.315 2.353 2.042 1.393 1.239
52 73 11.865 2.761 2.109 1.782 3.083 2.443 2.440 2.147 1.443 1.300
52 74 11.200 3.111 2.323 2.069 3.396 2.837 2.814 2.475 1.589 1.509
52 75 10.786 3.312 2.449 2.230 3.565 3.069 2.997 2.679 1.682 1.620
52 79 12.049 2.689 2.068 1.719 3.080 2.319 2.481 2.037 1.389 1.274
52 80 12.035 2.713 2.091 1.728 3.091 2.347 2.443 2.061 1.415 1.273
52 81 11.882 2.710 2.069 1.751 3.018 2.405 2.382 2.111 1.418 1.275
52 82 11.989 2.706 2.063 1.751 3.010 2.406 2.393 2.123 1.415 1.275
52 83 12.113 2.636 2.033 1.678 3.009 2.276 2.383 2.003 1.374 1.237
52 84 12.233 2.595 2.010 1.642 2.972 2.229 2.330 1.965 1.360 1.209
52 85 12.026 2.780 2.161 1.749 3.236 2.349 2.577 2.075 1.443 1.301
52 95 12.517 2.422 1.883 1.523 2.823 2.045 2.238 1.795 1.256 1.135
53 56 9.987 1.835 1.526 1.019 2.504 1.285 1.817 1.073 0.930 0.808
53 57 12.159 2.555 2.102 1.452 3.479 1.822 2.770 1.592 1.270 1.157
53 58 12.886 2.475 1.931 1.548 2.947 2.049 2.468 1.856 1.265 1.170
53 71 12.286 2.638 2.045 1.666 3.049 2.247 2.451 2.004 1.371 1.236
53 72 11.458 3.063 2.334 1.984 3.406 2.724 2.691 2.384 1.600 1.444
53 73 11.214 3.051 2.261 2.049 3.267 2.838 2.685 2.468 1.565 1.479
53 74 10.916 3.256 2.408 2.191 3.503 3.017 2.936 2.629 1.655 1.592
53 75 10.874 3.251 2.391 2.204 3.470 3.041 2.942 2.660 1.647 1.597
53 76 11.520 2.973 2.265 1.926 3.335 2.624 2.670 2.285 1.538 1.414
53 79 12.195 2.634 2.045 1.659 3.055 2.234 2.411 1.958 1.369 1.233
53 80 12.138 2.670 2.076 1.679 3.105 2.258 2.458 1.987 1.388 1.248
53 81 11.713 2.689 2.027 1.767 2.912 2.460 2.263 2.127 1.411 1.268
53 82 11.768 2.756 2.091 1.795 3.026 2.484 2.385 2.181 1.446 1.298
53 83 11.954 2.573 1.944 1.686 2.786 2.353 2.160 2.050 1.356 1.208
53 84 11.661 2.908 2.241 1.852 3.323 2.509 2.635 2.201 1.512 1.367
53 85 11.699 2.865 2.192 1.844 3.230 2.511 2.564 2.190 1.488 1.354
53 86 11.817 3.095 2.415 1.936 3.671 2.571 2.998 2.289 1.589 1.458
53 87 11.941 2.942 2.283 1.855 3.429 2.486 2.772 2.206 1.520 1.384
53 92 11.882 2.795 2.145 1.792 3.174 2.431 2.534 2.130 1.450 1.321
53 95 12.035 2.637 2.021 1.695 2.968 2.313 2.337 2.017 1.375 1.242
53 99 11.978 2.817 2.181 1.783 3.272 2.392 2.630 2.102 1.453 1.329
54 57 10.101 1.722 1.434 0.953 2.315 1.214 1.613 1.005 0.889 0.748
54 58 12.339 2.480 2.051 1.393 3.411 1.744 2.679 1.517 1.233 1.113
54 59 12.751 2.603 2.040 1.617 3.114 2.140 2.583 1.942 1.336 1.222
54 70 11.973 2.656 2.045 1.694 3.013 2.308 2.355 2.014 1.389 1.244
54 71 11.521 2.688 1.987 1.810 2.791 2.577 2.174 2.233 1.414 1.271
54 72 10.713 3.154 2.294 2.164 3.305 3.006 2.769 2.574 1.592 1.558
54 73 10.491 3.321 2.423 2.271 3.534 3.120 3.010 2.670 1.661 1.653
54 74 10.711 3.220 2.343 2.208 3.388 3.058 2.884 2.646 1.621 1.595
54 75 10.965 3.271 2.435 2.183 3.570 2.986 3.008 2.618 1.661 1.596
54 76 11.919 2.737 2.083 1.776 3.045 2.434 2.431 2.138 1.425 1.295
54 77 12.327 2.521 1.950 1.597 2.902 2.157 2.295 1.890 1.311 1.183
54 79 12.337 2.508 1.938 1.591 2.894 2.143 2.315 1.883 1.298 1.182
54 80 12.336 2.421 1.845 1.567 2.687 2.156 2.125 1.895 1.266 1.140
54 81 11.291 2.899 2.164 1.929 3.116 2.682 2.493 2.323 1.503 1.388
54 82 11.680 2.561 1.881 1.737 2.621 2.495 2.026 2.152 1.350 1.210
54 83 11.289 2.788 2.062 1.876 2.912 2.657 2.288 2.304 1.461 1.324
54 84 11.346 2.782 2.069 1.859 2.949 2.610 2.281 2.212 1.452 1.325
54 85 11.036 2.964 2.189 1.998 3.140 2.787 2.537 2.399 1.526 1.433
54 86 12.024 2.760 2.152 1.728 3.233 2.316 2.556 2.035 1.433 1.289
54 87 12.134 2.763 2.160 1.723 3.251 2.306 2.579 2.039 1.435 1.288
54 89 12.142 2.830 2.226 1.748 3.374 2.326 2.662 2.053 1.469 1.313
54 91 12.534 2.372 1.827 1.514 2.714 2.047 2.167 1.795 1.230 1.119
54 92 11.621 2.885 2.174 1.896 3.189 2.592 2.616 2.271 1.482 1.387
54 94 12.800 2.163 1.666 1.379 2.474 1.866 1.965 1.632 1.123 1.019
54 95 11.484 2.895 2.161 1.926 3.149 2.648 2.594 2.310 1.483 1.400
54 96 12.380 2.434 1.862 1.567 2.733 2.141 2.168 1.879 1.269 1.147
54 98 12.630 2.336 1.810 1.476 2.711 1.983 2.165 1.741 1.209 1.099
54 99 11.950 2.745 2.102 1.764 3.118 2.389 2.516 2.096 1.417 1.303
55 58 10.073 1.775 1.470 0.996 2.375 1.268 1.692 1.051 0.910 0.782
55 59 12.199 2.411 1.968 1.393 3.185 1.772 2.487 1.535 1.216 1.096
55 60 13.007 2.552 2.058 1.508 3.257 1.947 2.641 1.757 1.301 1.169
55 69 12.462 2.582 2.032 1.593 3.089 2.114 2.460 1.875 1.336 1.200
55 70 11.532 2.778 2.082 1.839 2.981 2.570 2.337 2.226 1.454 1.316
55 71 11.244 2.926 2.154 1.981 3.064 2.785 2.497 2.437 1.514 1.409
55 72 10.780 3.117 2.270 2.137 3.267 2.971 2.710 2.530 1.577 1.537
55 73 10.626 3.281 2.416 2.220 3.502 3.067 2.909 2.644 1.667 1.607
55 74 11.055 3.059 2.263 2.058 3.272 2.850 2.678 2.456 1.565 1.486
55 75 11.215 3.036 2.262 2.025 3.296 2.785 2.716 2.420 1.553 1.473
55 76 11.998 2.862 2.237 1.785 3.390 2.376 2.705 2.088 1.477 1.341
55 77 12.062 2.791 2.168 1.758 3.259 2.355 2.609 2.071 1.442 1.313
55 78 12.419 2.606 2.042 1.619 3.092 2.156 2.461 1.903 1.348 1.216
55 79 12.342 2.610 2.035 1.634 3.057 2.189 2.425 1.930 1.355 1.219
55 80 12.335 2.669 2.098 1.650 3.171 2.201 2.504 1.949 1.388 1.238
55 81 11.721 2.595 1.943 1.720 2.759 2.422 2.116 2.082 1.369 1.221
55 82 11.654 2.813 2.117 1.852 3.036 2.584 2.413 2.282 1.476 1.328
55 83 11.641 2.649 1.980 1.760 2.805 2.485 2.139 2.127 1.398 1.246
55 84 11.353 2.995 2.268 1.955 3.272 2.713 2.595 2.402 1.573 1.409
55 85 11.653 2.566 1.915 1.708 2.724 2.401 2.090 2.041 1.346 1.215
55 86 11.975 2.787 2.188 1.727 3.308 2.302 2.586 2.010 1.447 1.295
55 87 12.572 2.465 1.946 1.513 2.952 2.012 2.306 1.771 1.282 1.138
55 92 12.525 2.235 1.706 1.444 2.496 1.979 1.955 1.715 1.166 1.054
55 95 12.464 2.193 1.652 1.443 2.374 2.009 1.851 1.737 1.149 1.037
55 99 12.469 2.375 1.834 1.509 2.722 2.042 2.141 1.779 1.236 1.115
56 59 10.114 1.695 1.397 0.958 2.222 1.233 1.549 1.013 0.879 0.745
56 60 12.586 2.234 1.846 1.258 3.013 1.592 2.264 1.362 1.132 0.994
56 61 12.396 2.697 2.094 1.701 3.142 2.281 2.560 2.046 1.396 1.268
56 69 11.777 2.606 1.960 1.717 2.817 2.390 2.202 2.067 1.364 1.233
56 70 10.506 3.213 2.338 2.204 3.353 3.075 2.774 2.624 1.630 1.580
56 71 10.366 3.217 2.305 2.244 3.301 3.135 2.778 2.646 1.610 1.606
56 72 10.192 3.258 2.322 2.286 3.341 3.179 2.859 2.673 1.614 1.643
56 73 10.453 3.149 2.239 2.214 3.196 3.103 2.747 2.647 1.569 1.580
56 74 11.178 2.875 2.136 1.925 3.069 2.680 2.430 2.282 1.486 1.382
56 75 11.934 2.676 2.065 1.702 3.059 2.306 2.390 1.999 1.394 1.256
56 79 12.521 2.498 1.970 1.536 2.993 2.040 2.344 1.790 1.296 1.156
56 80 12.635 2.423 1.894 1.512 2.842 2.027 2.249 1.797 1.262 1.127
56 81 11.506 2.822 2.135 1.846 3.105 2.542 2.462 2.208 1.468 1.340
56 82 11.905 2.607 1.971 1.706 2.822 2.384 2.188 2.083 1.377 1.221
56 83 11.280 2.896 2.202 1.882 3.203 2.591 2.526 2.265 1.514 1.366
56 84 11.191 2.700 1.976 1.839 2.823 2.575 2.220 2.132 1.383 1.314
56 85 10.686 2.919 2.105 2.023 2.943 2.895 2.344 2.455 1.505 1.414
56 86 11.857 2.488 1.868 1.644 2.682 2.290 2.083 1.961 1.301 1.180
56 87 11.834 2.561 1.901 1.717 2.704 2.414 2.154 2.105 1.336 1.221
56 88 12.587 2.389 1.871 1.485 2.830 1.980 2.235 1.736 1.237 1.114
56 89 11.736 2.955 2.280 1.880 3.397 2.536 2.717 2.229 1.531 1.393
56 90 12.702 2.344 1.836 1.457 2.782 1.939 2.207 1.703 1.212 1.094
56 91 12.120 2.555 1.945 1.657 2.839 2.275 2.248 1.989 1.332 1.207
56 92 11.114 3.016 2.213 2.049 3.183 2.850 2.653 2.481 1.538 1.473
56 93 12.348 2.517 1.973 1.563 2.956 2.099 2.278 1.830 1.317 1.164
56 94 12.261 2.434 1.856 1.575 2.705 2.166 2.122 1.890 1.274 1.145
56 95 10.842 3.064 2.208 2.124 3.143 2.985 2.649 2.579 1.551 1.512
56 96 12.003 2.607 1.979 1.697 2.873 2.341 2.268 2.047 1.363 1.230
56 98 11.954 2.665 2.027 1.731 2.973 2.366 2.387 2.074 1.382 1.266
56 99 11.448 2.960 2.232 1.945 3.266 2.664 2.662 2.332 1.525 1.420
56 102 12.048 2.789 2.166 1.757 3.253 2.355 2.608 2.076 1.442 1.311
57 60 10.057 1.700 1.389 0.980 2.189 1.268 1.541 1.041 0.882 0.757
57 61 11.758 2.413 1.911 1.473 2.958 1.930 2.320 1.663 1.235 1.124
57 62 12.835 2.489 1.978 1.511 3.063 1.978 2.472 1.767 1.277 1.154
57 68 11.812 2.673 2.003 1.769 2.835 2.500 2.188 2.182 1.416 1.252
57 69 11.251 2.840 2.096 1.916 3.002 2.676 2.429 2.309 1.463 1.372
57 70 10.412 3.186 2.286 2.220 3.244 3.129 2.693 2.657 1.611 1.575
57 71 10.370 3.288 2.387 2.261 3.427 3.152 2.855 2.692 1.663 1.622
57 72 10.593 3.131 2.270 2.155 3.268 2.997 2.730 2.547 1.577 1.550
57 73 10.632 3.112 2.252 2.149 3.228 2.998 2.710 2.567 1.570 1.540
57 74 11.311 2.953 2.227 1.940 3.279 2.643 2.659 2.275 1.512 1.424
57 75 11.784 2.877 2.228 1.820 3.344 2.440 2.669 2.130 1.484 1.357
57 79 12.116 2.708 2.097 1.713 3.125 2.311 2.479 2.029 1.407 1.271
57 80 11.939 2.871 2.220 1.821 3.303 2.459 2.643 2.176 1.491 1.349
57 81 11.811 2.784 2.130 1.792 3.132 2.444 2.478 2.132 1.449 1.314
57 82 11.786 2.885 2.217 1.847 3.260 2.519 2.584 2.222 1.507 1.354
57 83 11.837 2.646 1.999 1.733 2.875 2.411 2.242 2.098 1.390 1.246
57 84 11.252 2.877 2.122 1.942 2.969 2.776 2.321 2.424 1.517 1.358
57 85 11.647 2.500 1.839 1.694 2.567 2.427 1.957 2.062 1.317 1.182
57 86 11.807 2.676 2.017 1.758 2.920 2.431 2.343 2.139 1.394 1.271
57 87 12.266 2.357 1.774 1.551 2.541 2.167 1.987 1.892 1.239 1.110
57 88 12.714 2.333 1.847 1.425 2.826 1.883 2.206 1.644 1.207 1.079
57 89 12.179 2.636 2.034 1.676 3.026 2.264 2.411 1.987 1.367 1.241
57 92 12.284 2.494 1.921 1.590 2.841 2.158 2.234 1.882 1.299 1.171
57 95 12.117 2.488 1.889 1.620 2.745 2.232 2.152 1.936 1.300 1.175
57 99 11.979 2.702 2.071 1.735 3.068 2.352 2.457 2.058 1.398 1.280
58 61 9.924 1.779 1.449 1.031 2.301 1.328 1.663 1.093 0.913 0.801
58 62 12.307 2.308 1.873 1.348 2.981 1.732 2.281 1.487 1.177 1.049
58 63 12.724 2.386 1.857 1.499 2.809 1.998 2.283 1.772 1.227 1.125
58 69 11.076 2.984 2.216 1.997 3.160 2.802 2.462 2.384 1.555 1.424
58 70 10.589 3.174 2.306 2.182 3.306 3.045 2.751 2.608 1.608 1.563
58 71 10.874 3.127 2.306 2.112 3.341 2.918 2.767 2.516 1.591 1.528
58 72 11.251 2.834 2.099 1.903 3.003 2.661 2.381 2.274 1.467 1.361
58 73 11.603 2.716 2.058 1.772 2.992 2.442 2.323 2.087 1.416 1.287
58 74 12.059 2.709 2.087 1.728 3.078 2.350 2.427 2.063 1.414 1.270
58 81 11.949 2.933 2.300 1.820 3.477 2.426 2.756 2.144 1.521 1.365
58 82 12.461 2.632 2.078 1.615 3.167 2.140 2.512 1.897 1.363 1.219
58 83 12.251 2.621 2.063 1.617 3.125 2.153 2.439 1.885 1.362 1.214
58 84 12.224 2.415 1.843 1.560 2.685 2.146 2.088 1.861 1.265 1.134
58 85 12.125 2.476 1.894 1.595 2.787 2.174 2.220 1.906 1.287 1.170
58 86 12.020 2.432 1.819 1.615 2.584 2.273 1.995 1.958 1.280 1.147
58 87 11.997 2.535 1.890 1.689 2.699 2.366 2.163 2.082 1.324 1.206
58 88 12.289 2.449 1.870 1.581 2.733 2.168 2.149 1.892 1.280 1.153
58 89 11.678 2.949 2.254 1.901 3.344 2.574 2.717 2.263 1.520 1.404
58 91 12.667 2.350 1.832 1.473 2.747 1.976 2.165 1.734 1.221 1.097
58 92 12.449 2.484 1.937 1.555 2.907 2.085 2.290 1.827 1.290 1.160
58 95 12.333 2.553 1.984 1.607 2.965 2.162 2.341 1.897 1.327 1.194
58 99 12.288 2.618 2.045 1.635 3.078 2.187 2.430 1.920 1.358 1.222
59 62 9.876 1.774 1.442 1.033 2.287 1.331 1.662 1.095 0.909 0.802
59 63 11.786 2.415 1.906 1.483 2.932 1.952 2.299 1.683 1.239 1.127
59 64 12.095 2.645 2.014 1.714 2.942 2.352 2.359 2.079 1.378 1.250
59 67 11.663 2.665 2.000 1.761 2.858 2.465 2.225 2.136 1.400 1.258
59 68 11.149 2.952 2.195 1.974 3.096 2.799 2.387 2.411 1.556 1.392
59 69 10.601 3.040 2.201 2.098 3.185 2.902 2.617 2.390 1.520 1.517
59 70 10.477 3.055 2.234 2.084 3.274 2.852 2.645 2.306 1.525 1.524
59 71 10.608 3.057 2.212 2.111 3.151 2.964 2.612 2.538 1.553 1.503
59 72 11.103 2.948 2.200 1.962 3.203 2.699 2.588 2.313 1.512 1.426
59 73 11.478 2.883 2.192 1.873 3.231 2.550 2.586 2.207 1.487 1.376
59 74 11.885 2.810 2.165 1.790 3.220 2.419 2.568 2.119 1.456 1.325
59 81 12.074 2.827 2.197 1.779 3.299 2.385 2.648 2.110 1.463 1.327
59 82 12.031 2.850 2.219 1.787 3.321 2.402 2.633 2.123 1.483 1.330
59 83 12.460 2.471 1.925 1.551 2.878 2.086 2.262 1.830 1.287 1.153
59 84 11.892 2.672 2.020 1.749 2.930 2.414 2.336 2.115 1.392 1.267
59 85 12.182 2.395 1.804 1.576 2.590 2.196 2.031 1.913 1.256 1.131
59 86 11.556 2.778 2.067 1.856 2.957 2.596 2.379 2.272 1.445 1.328
59 87 11.965 2.494 1.851 1.672 2.628 2.355 2.089 2.058 1.304 1.186
59 88 12.157 2.557 1.956 1.647 2.881 2.243 2.303 1.970 1.328 1.209
59 89 12.046 2.624 2.003 1.695 2.943 2.314 2.346 2.025 1.364 1.242
59 92 12.781 2.380 1.885 1.453 2.880 1.923 2.260 1.695 1.234 1.099
59 95 12.669 2.404 1.887 1.490 2.850 1.988 2.244 1.751 1.249 1.116
60 63 9.809 1.850 1.500 1.082 2.400 1.387 1.785 1.144 0.937 0.845
60 64 11.723 2.519 1.983 1.553 3.049 2.044 2.414 1.769 1.290 1.180
60 65 12.257 2.547 1.945 1.644 2.857 2.245 2.296 1.983 1.324 1.205
60 69 11.293 2.873 2.147 1.909 3.055 2.683 2.371 2.312 1.508 1.358
60 70 11.232 2.816 2.056 1.924 2.875 2.753 2.257 2.363 1.470 1.345
60 71 11.713 2.636 1.976 1.745 2.794 2.467 2.132 2.131 1.397 1.234
60 72 11.968 2.765 2.142 1.748 3.198 2.354 2.533 2.059 1.434 1.299
60 73 12.227 2.695 2.099 1.690 3.138 2.274 2.482 2.008 1.403 1.257
61 64 9.609 1.918 1.547 1.134 2.520 1.437 1.959 1.185 0.950 0.895
61 65 11.247 2.581 1.985 1.649 2.978 2.213 2.382 1.907 1.324 1.229
61 66 11.108 2.874 2.091 1.972 2.937 2.808 2.356 2.423 1.489 1.384
61 67 11.132 2.837 2.101 1.907 2.979 2.689 2.327 2.301 1.481 1.352
61 68 10.788 3.093 2.294 2.075 3.300 2.886 2.603 2.432 1.594 1.492
61 69 10.888 2.929 2.146 1.993 3.066 2.790 2.465 2.367 1.502 1.423
61 70 10.856 3.157 2.375 2.080 3.472 2.852 2.751 2.421 1.625 1.517
61 71 11.359 2.835 2.116 1.887 2.999 2.662 2.314 2.293 1.493 1.337
61 72 11.531 2.784 2.083 1.848 2.940 2.618 2.255 2.272 1.476 1.304
61 73 11.865 2.842 2.201 1.799 3.284 2.424 2.607 2.124 1.475 1.336
61 84 11.827 2.848 2.190 1.820 3.251 2.462 2.598 2.159 1.476 1.345
61 86 11.633 2.886 2.200 1.868 3.250 2.538 2.619 2.217 1.490 1.375
61 87 11.908 2.659 2.023 1.726 2.976 2.354 2.386 2.048 1.375 1.266
61 88 11.829 2.804 2.146 1.805 3.185 2.442 2.576 2.141 1.446 1.334
61 89 11.839 2.854 2.210 1.806 3.306 2.428 2.628 2.122 1.477 1.343
62 65 9.473 1.978 1.583 1.186 2.596 1.497 2.091 1.237 0.965 0.940
62 66 10.507 2.837 2.093 1.916 3.043 2.639 2.541 2.282 1.440 1.390
62 67 10.770 2.898 2.098 1.999 2.951 2.843 2.350 2.402 1.492 1.406
62 68 11.152 2.817 2.080 1.900 2.943 2.686 2.304 2.301 1.471 1.344
62 69 11.348 2.696 1.999 1.808 2.800 2.583 2.129 2.214 1.427 1.266
62 70 11.438 2.803 2.098 1.859 2.989 2.610 2.329 2.265 1.474 1.323
63 66 9.125 2.123 1.665 1.318 2.653 1.692 2.219 1.442 1.045 1.026
63 67 10.124 2.709 1.947 1.884 2.760 2.658 2.275 2.254 1.374 1.335
63 68 10.686 2.737 1.965 1.906 2.749 2.725 2.168 2.264 1.404 1.333
63 69 11.173 2.812 2.067 1.907 2.918 2.702 2.311 2.327 1.464 1.346
63 70 11.475 2.645 1.954 1.783 2.723 2.560 2.086 2.215 1.402 1.242
64 67 8.928 2.182 1.679 1.393 2.614 1.818 2.223 1.563 1.079 1.067
64 68 10.160 2.680 1.929 1.861 2.739 2.620 2.248 2.211 1.358 1.321
64 69 10.998 2.774 2.017 1.905 2.832 2.714 2.230 2.294 1.436 1.338
64 70 11.334 2.879 2.168 1.894 3.097 2.652 2.396 2.303 1.518 1.352
64 87 11.506 2.921 2.207 1.913 3.229 2.621 2.605 2.285 1.509 1.396
65 68 9.481 1.974 1.582 1.180 2.599 1.487 2.098 1.234 0.963 0.936
65 69 11.161 2.601 1.983 1.683 2.955 2.270 2.384 1.955 1.331 1.247
65 70 11.878 2.583 1.916 1.732 2.724 2.436 2.186 2.140 1.348 1.231
66 69 9.615 1.919 1.551 1.129 2.532 1.429 1.969 1.184 0.951 0.893
66 70 11.202 2.593 1.990 1.662 2.991 2.227 2.417 1.922 1.325 1.241
66 71 12.055 2.589 1.937 1.718 2.789 2.387 2.268 2.112 1.345 1.236
67 70 9.369 2.049 1.637 1.233 2.672 1.560 2.184 1.311 1.002 0.975
67 71 10.810 2.768 2.078 1.828 3.064 2.488 2.535 2.160 1.410 1.344
67 72 11.822 2.682 1.987 1.802 2.815 2.544 2.264 2.246 1.402 1.277
68 71 9.474 2.062 1.659 1.225 2.752 1.536 2.254 1.285 1.000 0.978
68 72 11.329 2.793 2.169 1.759 3.325 2.321 2.753 2.039 1.415 1.333
68 73 12.150 2.609 1.953 1.730 2.806 2.409 2.291 2.150 1.359 1.243
68 84 11.539 2.877 2.182 1.874 3.169 2.585 2.477 2.235 1.503 1.359
68 85 11.286 3.013 2.260 1.994 3.268 2.760 2.632 2.412 1.563 1.440
68 86 10.308 3.175 2.286 2.204 3.303 3.053 2.806 2.579 1.582 1.591
68 87 10.101 3.275 2.322 2.309 3.270 3.280 2.746 2.793 1.649 1.626
68 91 11.449 2.817 2.100 1.878 3.032 2.603 2.447 2.255 1.454 1.355
68 95 12.064 2.761 2.142 1.742 3.208 2.340 2.561 2.060 1.430 1.297
69 72 9.869 1.905 1.568 1.081 2.567 1.365 1.917 1.142 0.958 0.855
69 73 11.944 2.601 2.095 1.542 3.361 1.971 2.710 1.722 1.306 1.205
69 74 12.638 2.493 1.908 1.605 2.845 2.164 2.381 1.948 1.280 1.190
69 83 12.081 2.690 2.074 1.714 3.053 2.335 2.406 2.060 1.409 1.258
69 84 11.089 2.916 2.162 1.957 3.106 2.726 2.482 2.334 1.505 1.405
69 85 10.721 2.858 2.045 1.997 2.911 2.806 2.396 2.335 1.437 1.421
69 86 9.514 3.329 2.249 2.454 3.099 3.567 2.709 3.015 1.632 1.688
69 87 9.764 3.272 2.225 2.400 3.067 3.486 2.690 2.987 1.614 1.652
69 88 10.388 3.161 2.263 2.207 3.231 3.092 2.727 2.626 1.585 1.575
69 89 10.812 3.079 2.241 2.111 3.206 2.952 2.681 2.560 1.566 1.510
69 91 11.762 2.590 1.944 1.711 2.831 2.355 2.275 2.031 1.335 1.244
69 92 11.174 2.784 2.014 1.922 2.832 2.733 2.304 2.355 1.432 1.352
69 95 12.172 2.438 1.844 1.596 2.696 2.187 2.164 1.902 1.261 1.164
70 73 9.871 1.900 1.569 1.072 2.575 1.351 1.914 1.131 0.956 0.850
70 74 11.838 2.659 2.131 1.590 3.400 2.040 2.765 1.790 1.336 1.239
70 75 12.826 2.487 1.946 1.550 2.966 2.054 2.450 1.851 1.276 1.170
70 81 12.180 2.615 2.002 1.682 2.908 2.319 2.268 2.042 1.378 1.220
70 82 11.934 2.705 2.069 1.742 3.012 2.398 2.347 2.099 1.422 1.266
70 83 11.170 3.028 2.253 2.023 3.222 2.830 2.575 2.466 1.576 1.446
70 84 9.976 3.151 2.210 2.246 3.159 3.143 2.712 2.598 1.546 1.605
70 85 9.334 3.294 2.208 2.445 3.060 3.531 2.683 2.913 1.593 1.693
70 86 9.258 3.242 2.103 2.466 2.799 3.738 2.455 3.183 1.581 1.627
70 87 9.389 3.379 2.282 2.492 3.136 3.632 2.720 3.060 1.660 1.709
70 88 10.482 3.038 2.149 2.147 3.024 3.052 2.567 2.618 1.527 1.511
70 89 10.384 3.385 2.480 2.303 3.581 3.194 2.996 2.764 1.718 1.661
70 91 10.936 2.923 2.097 2.036 2.939 2.906 2.424 2.513 1.496 1.427
70 92 10.065 3.459 2.481 2.410 3.555 3.365 3.058 2.905 1.732 1.726
70 93 11.636 2.724 2.039 1.807 2.935 2.512 2.332 2.174 1.416 1.300
70 94 12.107 2.452 1.846 1.615 2.699 2.213 2.179 1.914 1.262 1.178
70 95 10.933 3.154 2.347 2.107 3.400 2.912 2.777 2.529 1.621 1.524
70 96 11.890 2.780 2.137 1.778 3.166 2.410 2.519 2.109 1.443 1.312
70 99 11.968 2.826 2.196 1.778 3.309 2.377 2.649 2.085 1.457 1.330
71 74 9.907 1.808 1.486 1.030 2.389 1.316 1.732 1.092 0.924 0.807
71 75 12.164 2.396 1.943 1.402 3.111 1.795 2.422 1.548 1.213 1.095
71 76 12.853 2.512 1.991 1.532 3.079 2.008 2.509 1.803 1.288 1.168
71 81 11.508 2.625 1.914 1.797 2.590 2.668 1.926 2.318 1.414 1.211
71 82 11.193 2.650 1.935 1.810 2.656 2.643 1.958 2.217 1.410 1.240
71 83 10.087 3.042 2.110 2.191 2.974 3.109 2.518 2.554 1.498 1.543
71 84 8.896 3.385 2.175 2.593 2.931 3.870 2.667 3.271 1.615 1.738
71 85 8.896 3.321 2.096 2.576 2.773 3.936 2.507 3.346 1.585 1.686
71 86 9.448 3.360 2.264 2.482 3.101 3.633 2.689 3.072 1.653 1.696
71 87 10.164 3.209 2.259 2.279 3.173 3.245 2.735 2.807 1.607 1.601
71 88 11.540 2.670 1.974 1.798 2.826 2.512 2.263 2.156 1.378 1.286
71 89 11.395 2.888 2.169 1.907 3.165 2.619 2.565 2.271 1.486 1.389
71 91 11.972 2.437 1.820 1.620 2.648 2.230 2.142 1.918 1.251 1.177
71 92 10.822 2.817 2.011 1.973 2.795 2.840 2.247 2.411 1.447 1.370
71 93 12.651 2.314 1.806 1.446 2.728 1.929 2.153 1.681 1.196 1.083
71 94 12.820 2.165 1.689 1.353 2.546 1.809 1.997 1.571 1.121 1.013
71 95 11.269 2.674 1.940 1.840 2.732 2.613 2.201 2.238 1.377 1.296
71 96 12.406 2.375 1.822 1.522 2.710 2.057 2.172 1.794 1.226 1.127
71 98 12.809 2.262 1.776 1.401 2.700 1.860 2.131 1.627 1.169 1.055
71 99 12.013 2.581 1.961 1.678 2.889 2.286 2.324 1.987 1.332 1.232
72 75 10.048 1.689 1.383 0.968 2.183 1.252 1.537 1.031 0.877 0.749
72 76 12.247 2.291 1.852 1.348 2.936 1.738 2.254 1.490 1.168 1.046
72 77 12.882 2.381 1.878 1.464 2.885 1.929 2.335 1.716 1.222 1.112
72 79 12.094 2.462 1.850 1.624 2.650 2.269 2.076 1.975 1.292 1.163
72 80 12.044 2.558 1.920 1.690 2.726 2.381 2.123 2.091 1.353 1.200
72 81 10.780 3.021 2.231 2.036 3.229 2.817 2.563 2.343 1.542 1.472
72 82 10.480 2.855 2.046 1.992 3.030 2.700 2.495 2.091 1.381 1.469
72 83 9.768 3.059 2.111 2.214 2.997 3.119 2.547 2.508 1.487 1.571
72 84 9.134 3.157 1.980 2.458 2.579 3.838 2.293 3.295 1.521 1.575
72 85 9.293 3.367 2.256 2.500 3.085 3.665 2.703 3.108 1.650 1.705
72 86 10.522 2.985 2.118 2.103 2.996 2.974 2.530 2.529 1.498 1.487
72 87 11.137 2.894 2.113 1.977 3.018 2.769 2.494 2.397 1.479 1.412
72 88 12.252 2.438 1.875 1.558 2.776 2.113 2.175 1.823 1.266 1.149
72 91 12.236 2.439 1.848 1.592 2.702 2.182 2.162 1.901 1.264 1.161
72 92 10.966 2.901 2.113 1.987 3.022 2.779 2.469 2.362 1.477 1.421
72 94 12.635 2.279 1.749 1.461 2.588 1.982 2.068 1.738 1.182 1.077
72 95 10.896 2.973 2.169 2.033 3.118 2.830 2.566 2.407 1.509 1.460
72 96 12.152 2.557 1.950 1.653 2.853 2.265 2.260 1.983 1.333 1.207
72 98 12.588 2.402 1.871 1.507 2.817 2.015 2.246 1.771 1.242 1.127
72 99 11.768 2.770 2.109 1.796 3.109 2.445 2.499 2.130 1.430 1.320
73 76 10.005 1.668 1.359 0.967 2.126 1.257 1.493 1.032 0.869 0.743
73 77 11.979 2.347 1.875 1.411 2.933 1.835 2.276 1.574 1.199 1.085
73 78 12.480 2.476 1.918 1.565 2.879 2.099 2.324 1.854 1.278 1.167
73 79 11.407 2.441 1.773 1.678 2.435 2.449 1.833 2.072 1.292 1.150
73 80 11.456 2.560 1.881 1.735 2.586 2.529 1.929 2.168 1.369 1.191
73 81 10.004 2.864 2.017 2.034 2.978 2.764 2.605 2.206 1.366 1.496
73 82 9.777 3.269 2.297 2.325 3.339 3.204 2.931 2.634 1.581 1.687
73 83 9.668 3.141 2.139 2.300 2.983 3.300 2.608 2.760 1.534 1.603
73 84 9.733 3.177 2.196 2.296 3.147 3.206 2.766 2.628 1.533 1.644
73 85 10.101 3.053 2.089 2.227 2.902 3.208 2.576 2.772 1.504 1.545
73 86 11.542 2.637 1.964 1.761 2.797 2.472 2.159 2.097 1.378 1.254
73 87 12.205 2.446 1.898 1.544 2.827 2.082 2.182 1.789 1.274 1.144
73 92 11.538 2.832 2.127 1.870 3.103 2.568 2.509 2.223 1.458 1.362
73 95 11.371 2.835 2.113 1.890 3.065 2.609 2.469 2.235 1.456 1.369
73 96 12.015 2.715 2.081 1.743 3.066 2.373 2.438 2.083 1.413 1.280
73 99 11.682 2.797 2.120 1.824 3.110 2.494 2.496 2.168 1.446 1.335
74 77 9.686 1.798 1.452 1.060 2.321 1.358 1.735 1.117 0.909 0.826
74 78 10.919 2.566 1.932 1.690 2.844 2.302 2.296 1.966 1.312 1.240
74 79 10.344 2.803 2.000 1.965 2.797 2.810 2.208 2.309 1.430 1.374
74 80 10.757 2.755 2.000 1.894 2.863 2.648 2.260 2.157 1.398 1.355
74 81 9.536 2.976 2.052 2.155 2.930 3.019 2.530 2.437 1.437 1.538
74 82 9.867 3.058 2.118 2.206 3.013 3.103 2.632 2.573 1.489 1.569
74 83 9.962 3.221 2.302 2.252 3.349 3.101 2.857 2.557 1.582 1.636
74 84 10.725 2.770 1.981 1.936 2.849 2.694 2.335 2.187 1.378 1.391
74 85 11.092 2.895 2.135 1.954 3.048 2.739 2.384 2.297 1.496 1.394
74 86 12.254 2.539 1.967 1.605 2.904 2.181 2.230 1.891 1.332 1.181
74 95 11.721 2.727 2.048 1.800 2.979 2.479 2.400 2.150 1.408 1.307
74 99 11.599 2.845 2.133 1.882 3.114 2.583 2.552 2.257 1.462 1.371
75 78 9.155 2.036 1.603 1.255 2.548 1.614 2.093 1.369 1.008 0.976
75 79 9.373 2.709 1.851 1.979 2.590 2.828 2.231 2.328 1.322 1.384
75 80 9.897 3.007 2.111 2.142 2.977 3.037 2.441 2.469 1.497 1.510
75 81 9.984 2.945 2.056 2.108 2.941 2.949 2.519 2.411 1.438 1.507
75 82 10.164 3.136 2.258 2.176 3.305 2.979 2.779 2.433 1.543 1.589
75 83 10.864 2.722 1.969 1.879 2.807 2.637 2.257 2.188 1.382 1.339
75 84 11.796 2.504 1.853 1.685 2.591 2.411 1.990 2.083 1.325 1.178
76 79 8.638 2.218 1.674 1.455 2.545 1.932 2.207 1.684 1.101 1.096
76 80 9.838 2.723 1.917 1.935 2.701 2.746 2.274 2.308 1.360 1.363
76 81 10.495 2.733 1.975 1.889 2.782 2.682 2.154 2.189 1.402 1.330
76 82 11.239 2.731 2.003 1.856 2.806 2.651 2.187 2.273 1.430 1.300
76 83 11.765 2.702 2.026 1.787 2.888 2.508 2.268 2.200 1.422 1.273
77 80 9.170 2.075 1.637 1.274 2.625 1.630 2.187 1.392 1.021 0.996
77 81 10.783 2.583 1.932 1.715 2.828 2.348 2.295 2.009 1.320 1.252
77 82 11.640 2.553 1.867 1.741 2.615 2.487 2.067 2.150 1.333 1.219
77 83 12.258 2.382 1.802 1.558 2.611 2.152 2.054 1.866 1.243 1.128
78 81 9.700 1.870 1.524 1.084 2.481 1.374 1.886 1.143 0.936 0.855
78 82 11.605 2.469 1.930 1.540 2.948 2.038 2.346 1.759 1.263 1.165
78 83 12.598 2.448 1.892 1.553 2.833 2.087 2.301 1.853 1.264 1.156
79 82 9.836 1.796 1.470 1.032 2.362 1.319 1.734 1.097 0.915 0.808
79 83 11.946 2.396 1.909 1.447 2.989 1.881 2.354 1.624 1.220 1.113
79 84 12.963 2.370 1.873 1.452 2.897 1.904 2.366 1.700 1.211 1.108
80 83 9.993 1.730 1.425 0.981 2.275 1.259 1.620 1.045 0.892 0.765
80 84 12.268 2.318 1.885 1.350 3.025 1.726 2.339 1.485 1.175 1.056
80 85 13.071 2.345 1.863 1.424 2.906 1.856 2.385 1.663 1.194 1.093
81 84 9.892 1.810 1.493 1.023 2.422 1.299 1.768 1.084 0.921 0.806
81 85 11.954 2.386 1.911 1.428 3.011 1.848 2.369 1.599 1.213 1.103
81 86 13.157 2.298 1.829 1.391 2.853 1.813 2.329 1.626 1.173 1.067
81 95 11.809 2.932 2.238 1.895 3.320 2.565 2.729 2.271 1.508 1.400
82 85 10.199 1.604 1.325 0.904 2.089 1.169 1.429 0.962 0.840 0.699
82 86 12.678 2.213 1.843 1.225 3.033 1.542 2.252 1.319 1.120 0.973
82 87 13.273 2.330 1.884 1.370 2.996 1.762 2.429 1.589 1.185 1.065
82 95 12.619 2.301 1.777 1.461 2.628 1.983 2.060 1.735 1.202 1.076
83 86 10.137 1.637 1.351 0.925 2.136 1.194 1.477 0.984 0.854 0.716
83 87 12.248 2.190 1.774 1.284 2.812 1.655 2.144 1.416 1.119 0.997
83 88 13.248 2.293 1.853 1.351 2.929 1.744 2.342 1.562 1.172 1.046
83 92 12.493 2.291 1.751 1.478 2.575 2.016 2.030 1.744 1.190 1.084
83 95 11.712 2.684 2.052 1.731 3.027 2.354 2.387 2.028 1.391 1.273
83 96 12.837 2.321 1.830 1.428 2.784 1.894 2.196 1.671 1.203 1.076
83 98 12.404 2.546 1.984 1.596 2.994 2.131 2.394 1.874 1.315 1.195
83 99 12.024 2.660 2.043 1.703 3.040 2.300 2.439 2.008 1.373 1.262
84 87 10.119 1.597 1.312 0.910 2.054 1.183 1.410 0.972 0.838 0.700
84 88 12.590 2.179 1.797 1.232 2.906 1.567 2.158 1.335 1.111 0.969
84 89 12.943 2.415 1.919 1.467 2.972 1.921 2.399 1.715 1.239 1.120
84 91 12.175 2.409 1.800 1.600 2.588 2.228 2.076 1.948 1.253 1.149
84 92 11.884 2.419 1.813 1.601 2.591 2.241 1.989 1.909 1.269 1.143
84 95 11.577 2.371 1.737 1.615 2.391 2.350 1.758 1.963 1.261 1.110
84 96 12.945 2.227 1.760 1.364 2.681 1.808 2.102 1.591 1.155 1.029
84 99 12.461 2.428 1.884 1.532 2.819 2.060 2.231 1.800 1.259 1.140
85 88 9.953 1.687 1.379 0.970 2.175 1.255 1.541 1.036 0.875 0.750
85 89 11.541 2.358 1.839 1.477 2.784 1.967 2.174 1.683 1.214 1.109
85 90 12.593 2.233 1.718 1.426 2.570 1.917 2.064 1.667 1.148 1.060
85 91 10.404 2.381 1.702 1.665 2.438 2.326 1.861 1.770 1.188 1.192
85 92 9.930 2.694 1.878 1.931 2.717 2.673 2.295 2.100 1.298 1.396
85 93 12.349 2.086 1.536 1.412 2.189 1.981 1.732 1.680 1.078 1.006
85 94 12.116 2.182 1.585 1.499 2.234 2.128 1.789 1.816 1.125 1.056
85 95 10.021 2.945 1.997 2.165 2.815 3.072 2.452 2.484 1.417 1.526
85 96 11.804 2.212 1.549 1.580 2.093 2.349 1.643 1.989 1.146 1.063
85 97 13.342 1.860 1.501 1.098 2.301 1.449 1.681 1.247 0.980 0.832
85 98 12.411 2.237 1.698 1.456 2.481 1.997 1.955 1.724 1.163 1.061
85 99 11.941 2.567 1.942 1.679 2.849 2.295 2.288 1.986 1.324 1.229
86 89 9.907 1.765 1.434 1.030 2.258 1.333 1.622 1.096 0.911 0.796
86 90 11.801 2.305 1.831 1.399 2.839 1.831 2.194 1.564 1.181 1.069
86 91 9.811 2.333 1.566 1.729 2.131 2.549 1.625 1.908 1.151 1.172
86 92 10.913 2.049 1.424 1.474 1.926 2.188 1.413 1.703 1.053 0.992
86 93 13.349 1.889 1.512 1.132 2.343 1.483 1.822 1.300 0.976 0.865
86 94 13.291 1.872 1.494 1.127 2.262 1.501 1.683 1.304 0.987 0.846
86 95 12.148 2.058 1.515 1.392 2.154 1.959 1.677 1.642 1.066 0.990
87 90 9.096 1.859 1.445 1.169 2.224 1.538 1.742 1.272 0.939 0.889
87 91 7.981 2.669 1.652 2.097 2.184 3.204 1.920 2.564 1.249 1.372
87 92 8.369 2.738 1.775 2.084 2.473 2.995 2.190 2.330 1.275 1.451
87 93 11.109 1.836 1.207 1.384 1.579 2.147 1.208 1.700 0.923 0.892
87 94 11.095 1.885 1.227 1.431 1.596 2.237 1.244 1.796 0.943 0.915
87 95 10.464 2.348 1.668 1.653 2.404 2.294 1.956 1.814 1.157 1.191
87 96 12.704 2.001 1.536 1.282 2.307 1.719 1.856 1.478 1.023 0.957
87 98 13.432 1.944 1.525 1.205 2.319 1.600 1.881 1.434 1.003 0.908
87 99 13.444 1.832 1.465 1.101 2.246 1.452 1.702 1.260 0.956 0.834
88 91 7.312 2.304 1.466 1.778 1.951 2.694 1.789 2.322 1.102 1.173
88 92 8.311 2.438 1.483 1.935 1.933 3.017 1.690 2.419 1.138 1.241
88 93 10.163 1.880 1.191 1.454 1.534 2.307 1.119 1.697 0.925 0.917
88 94 10.536 1.628 1.030 1.261 1.375 1.902 1.037 1.324 0.771 0.835
88 95 10.827 1.481 0.941 1.143 1.237 1.762 0.885 1.219 0.717 0.741
88 96 12.759 1.390 1.035 0.927 1.475 1.301 1.052 1.019 0.726 0.661
88 97 14.282 1.220 1.023 0.664 1.603 0.863 1.070 0.737 0.654 0.511
89 92 7.630 2.288 1.492 1.736 2.003 2.600 1.828 2.275 1.111 1.158
89 93 8.477 2.765 1.674 2.200 2.155 3.494 1.946 2.961 1.300 1.386
89 94 9.938 1.778 1.259 1.256 1.736 1.825 1.132 1.258 0.914 0.864
89 95 10.627 1.459 1.110 0.947 1.661 1.273 1.038 0.838 0.742 0.704
89 96 11.007 1.485 0.902 1.180 1.132 1.952 0.806 1.398 0.718 0.714
89 97 12.773 1.444 1.095 0.942 1.568 1.316 1.081 1.029 0.765 0.674
89 98 14.362 1.488 1.317 0.692 2.236 0.857 1.413 0.751 0.776 0.559
90 93 7.658 2.397 1.534 1.842 2.037 2.801 1.885 2.472 1.156 1.212
90 94 7.911 2.495 1.353 2.096 1.655 3.643 1.472 2.974 1.107 1.206
90 95 9.980 1.542 1.078 1.102 1.471 1.620 0.933 1.084 0.791 0.749
90 96 11.086 1.185 0.755 0.914 0.985 1.422 0.680 0.967 0.578 0.587
90 97 11.322 1.416 0.799 1.168 0.992 1.975 0.800 1.485 0.644 0.691
90 98 12.809 1.171 0.852 0.803 1.188 1.151 0.828 0.874 0.610 0.560
91 94 6.822 2.137 1.163 1.793 1.428 3.091 1.311 2.585 0.947 1.040
91 95 7.354 2.022 1.019 1.747 1.243 3.046 1.059 2.159 0.834 1.002
91 96 9.763 1.414 1.008 0.992 1.440 1.389 0.911 0.875 0.705 0.708
91 97 10.791 0.944 0.605 0.724 0.830 1.058 0.584 0.662 0.441 0.496
91 98 10.760 1.011 0.597 0.816 0.801 1.225 0.590 0.739 0.445 0.544
91 99 12.604 0.957 0.701 0.651 1.004 0.910 0.703 0.670 0.490 0.466
92 95 6.394 1.808 0.874 1.583 1.040 2.915 0.919 2.197 0.734 0.860
92 96 7.204 1.948 0.916 1.719 1.117 3.003 0.956 1.963 0.751 0.984
92 97 9.827 1.267 0.919 0.872 1.302 1.231 0.791 0.786 0.649 0.617
92 98 10.862 0.762 0.499 0.576 0.682 0.845 0.471 0.543 0.365 0.393
92 99 10.661 0.827 0.529 0.636 0.745 0.904 0.541 0.551 0.376 0.448
92 100 12.669 0.914 0.650 0.642 0.918 0.910 0.660 0.666 0.461 0.453
93 96 6.616 2.012 0.989 1.753 1.179 3.221 1.063 2.529 0.830 0.954
93 97 7.057 1.856 0.824 1.663 1.005 2.901 0.862 1.760 0.675 0.954
93 98 9.853 1.140 0.824 0.788 1.154 1.126 0.695 0.724 0.589 0.551
93 99 10.862 0.690 0.455 0.518 0.623 0.758 0.436 0.498 0.332 0.354
93 100 10.831 0.881 0.497 0.727 0.659 1.107 0.494 0.651 0.375 0.478
93 101 12.802 0.892 0.614 0.647 0.844 0.942 0.615 0.690 0.446 0.444
94 97 6.523 1.932 0.915 1.702 1.079 3.206 0.963 2.457 0.775 0.903
94 98 6.994 1.730 0.765 1.552 0.942 2.658 0.805 1.557 0.621 0.906
94 99 9.774 1.078 0.808 0.715 1.164 0.993 0.693 0.645 0.561 0.514
94 100 10.933 0.684 0.432 0.531 0.581 0.794 0.415 0.513 0.321 0.355
94 101 10.842 0.864 0.488 0.713 0.647 1.086 0.485 0.641 0.369 0.468
94 102 12.701 0.871 0.613 0.618 0.858 0.883 0.617 0.642 0.437 0.433
95 98 6.290 1.658 0.745 1.481 0.885 2.743 0.772 1.877 0.627 0.800
95 99 6.698 1.301 0.600 1.155 0.771 1.839 0.649 0.997 0.467 0.725
95 100 9.809 1.035 0.770 0.691 1.096 0.971 0.647 0.630 0.541 0.492
95 101 10.898 0.652 0.422 0.498 0.573 0.736 0.406 0.481 0.311 0.337
95 102 10.699 0.777 0.481 0.610 0.670 0.876 0.494 0.526 0.346 0.424
95 103 12.654 0.871 0.617 0.615 0.871 0.872 0.630 0.635 0.437 0.434
96 99 6.195 1.519 0.670 1.363 0.800 2.495 0.689 1.620 0.562 0.744
96 100 6.813 1.389 0.625 1.240 0.801 1.984 0.675 1.053 0.488 0.775
96 101 9.828 1.068 0.797 0.711 1.133 1.001 0.664 0.650 0.561 0.506
96 102 10.916 0.648 0.420 0.494 0.569 0.732 0.404 0.482 0.310 0.333
96 103 10.838 0.853 0.484 0.703 0.643 1.068 0.479 0.626 0.364 0.463
96 104 12.775 0.947 0.656 0.683 0.906 0.991 0.658 0.726 0.475 0.471
97 100 6.244 1.601 0.698 1.441 0.830 2.670 0.719 1.750 0.588 0.777
97 101 6.869 1.571 0.682 1.415 0.855 2.349 0.725 1.276 0.545 0.852
97 102 9.800 1.085 0.810 0.722 1.158 1.010 0.678 0.650 0.567 0.516
97 103 10.966 0.713 0.448 0.554 0.599 0.835 0.426 0.541 0.335 0.368
97 104 10.960 0.986 0.536 0.828 0.685 1.331 0.513 0.813 0.420 0.515
97 105 12.843 1.043 0.732 0.743 1.005 1.084 0.717 0.810 0.533 0.509
98 101 6.193 1.507 0.663 1.354 0.792 2.470 0.681 1.585 0.554 0.742
98 102 6.857 1.507 0.678 1.346 0.860 2.187 0.729 1.195 0.534 0.829
98 103 9.763 1.189 0.893 0.784 1.300 1.080 0.776 0.694 0.614 0.570
98 104 11.026 0.816 0.499 0.646 0.659 0.989 0.468 0.627 0.377 0.423
98 105 11.037 1.093 0.594 0.917 0.748 1.507 0.565 0.961 0.471 0.558
98 106 12.646 1.144 0.837 0.780 1.193 1.095 0.836 0.813 0.588 0.555
99 102 6.168 1.467 0.654 1.313 0.784 2.383 0.672 1.540 0.546 0.724
99 103 6.957 1.656 0.747 1.478 0.936 2.453 0.797 1.400 0.596 0.890
99 104 9.808 1.309 0.980 0.868 1.415 1.203 0.845 0.778 0.678 0.626
99 105 11.004 0.900 0.561 0.704 0.739 1.082 0.510 0.695 0.426 0.458
99 106 10.803 1.175 0.722 0.928 0.962 1.403 0.660 0.848 0.541 0.614
99 107 12.779 1.207 0.865 0.842 1.203 1.211 0.860 0.918 0.621 0.585
100 103 6.400 1.654 0.775 1.461 0.932 2.627 0.818 1.827 0.644 0.812
100 104 7.221 1.873 0.869 1.659 1.063 2.878 0.898 1.805 0.710 0.956
100 105 9.948 1.433 1.006 1.021 1.380 1.491 0.861 0.977 0.734 0.699
100 106 11.108 1.011 0.617 0.800 0.808 1.241 0.574 0.804 0.471 0.516
100 107 11.452 1.530 0.842 1.277 1.023 2.252 0.832 1.755 0.694 0.724
100 108 13.010 1.335 0.970 0.917 1.335 1.335 0.958 1.071 0.705 0.630
101 104 6.767 1.982 1.010 1.705 1.236 2.961 1.121 2.257 0.826 0.982
101 105 7.627 2.316 1.153 2.009 1.362 3.771 1.175 2.968 0.975 1.070
101 106 9.909 1.600 1.125 1.138 1.552 1.652 0.976 1.080 0.815 0.784
101 107 11.320 1.299 0.754 1.057 0.949 1.741 0.716 1.227 0.600 0.642
101 108 11.340 1.524 0.869 1.252 1.073 2.133 0.842 1.600 0.703 0.735
101 109 12.773 1.396 1.030 0.943 1.455 1.334 1.036 1.040 0.729 0.666
102 105 6.963 2.069 1.127 1.734 1.413 2.879 1.289 2.262 0.900 1.045
102 106 7.585 2.341 1.196 2.012 1.430 3.674 1.237 2.886 1.001 1.102
102 107 10.011 1.732 1.185 1.264 1.591 1.893 1.034 1.286 0.882 0.844
102 108 11.073 1.321 0.835 1.023 1.082 1.608 0.739 1.088 0.645 0.651
102 109 11.007 1.510 0.920 1.197 1.161 1.965 0.813 1.375 0.730 0.730
102 110 12.553 1.489 1.114 0.987 1.614 1.365 1.156 1.053 0.770 0.714
103 106 7.394 2.265 1.346 1.821 1.721 2.923 1.564 2.467 1.053 1.134
103 107 8.144 2.623 1.433 2.197 1.747 3.844 1.558 3.211 1.176 1.256
103 108 10.250 1.812 1.200 1.357 1.588 2.072 1.085 1.445 0.907 0.889
103 109 11.220 1.337 0.819 1.057 1.049 1.693 0.749 1.171 0.640 0.660
103 110 11.356 1.588 0.931 1.286 1.155 2.173 0.890 1.650 0.750 0.761
103 111 12.850 1.531 1.138 1.024 1.609 1.448 1.163 1.166 0.805 0.723
104 107 7.798 2.383 1.528 1.829 2.041 2.759 1.860 2.373 1.144 1.213
104 108 8.569 2.864 1.680 2.319 2.107 3.842 1.909 3.329 1.339 1.400
104 109 10.355 1.918 1.269 1.438 1.669 2.213 1.157 1.583 0.964 0.934
104 110 11.302 1.449 0.899 1.137 1.147 1.832 0.826 1.321 0.705 0.705
104 111 11.531 1.740 1.054 1.385 1.309 2.335 1.025 1.891 0.849 0.821
104 112 12.968 1.678 1.262 1.106 1.792 1.558 1.321 1.300 0.889 0.785
105 108 7.864 2.428 1.594 1.832 2.159 2.715 1.982 2.370 1.176 1.236
105 109 8.663 2.851 1.699 2.289 2.154 3.726 1.943 3.204 1.341 1.406
105 110 10.308 2.003 1.327 1.501 1.748 2.305 1.225 1.663 1.007 0.977
105 111 11.332 1.594 1.009 1.234 1.288 1.983 0.934 1.481 0.790 0.767
105 112 11.835 1.879 1.194 1.451 1.530 2.319 1.251 1.945 0.931 0.908
105 113 13.000 1.762 1.339 1.146 1.919 1.599 1.429 1.353 0.934 0.821
106 109 7.649 2.355 1.511 1.807 2.006 2.746 1.837 2.408 1.138 1.188
106 110 8.475 2.718 1.604 2.194 2.028 3.585 1.808 3.021 1.269 1.342
106 111 10.397 2.148 1.446 1.589 1.917 2.419 1.366 1.802 1.090 1.043
106 112 11.547 1.735 1.134 1.313 1.457 2.090 1.082 1.660 0.882 0.825
106 113 11.955 2.010 1.336 1.501 1.756 2.314 1.437 1.977 1.017 0.974
106 114 12.695 1.986 1.507 1.294 2.197 1.778 1.686 1.498 1.034 0.941
106 118 11.808 2.793 2.140 1.794 3.157 2.441 2.503 2.129 1.451 1.319
106 119 11.365 3.036 2.291 1.992 3.362 2.722 2.748 2.381 1.561 1.458
106 120 11.390 3.060 2.299 2.018 3.371 2.760 2.785 2.424 1.568 1.476
107 110 8.296 2.384 1.691 1.680 2.439 2.331 2.212 2.047 1.172 1.211
107 111 9.536 3.015 2.009 2.248 2.751 3.291 2.477 2.832 1.467 1.536
107 112 10.865 2.322 1.550 1.729 2.033 2.673 1.552 2.157 1.182 1.119
107 113 11.677 1.952 1.318 1.440 1.729 2.224 1.325 1.836 1.004 0.932
107 114 11.999 2.180 1.519 1.564 2.042 2.338 1.639 2.027 1.129 1.045
107 115 12.235 2.252 1.722 1.451 2.542 1.973 1.949 1.653 1.167 1.067
108 111 8.600 2.374 1.754 1.601 2.632 2.147 2.358 1.884 1.169 1.193
108 112 10.020 3.014 2.117 2.146 2.978 3.051 2.607 2.663 1.505 1.509
108 113 11.004 2.368 1.596 1.750 2.100 2.692 1.631 2.231 1.213 1.137
108 114 11.697 2.149 1.501 1.538 1.996 2.334 1.513 1.972 1.129 1.014
108 115 11.526 2.331 1.662 1.635 2.209 2.481 1.621 2.111 1.250 1.077
108 116 12.282 2.438 1.920 1.501 2.927 1.989 2.232 1.687 1.260 1.133
109 112 8.875 2.289 1.748 1.478 2.729 1.925 2.399 1.669 1.120 1.135
109 113 9.952 2.942 2.079 2.081 2.950 2.934 2.565 2.532 1.466 1.476
109 114 10.894 2.464 1.687 1.796 2.241 2.729 1.727 2.258 1.270 1.183
109 115 10.896 2.484 1.820 1.691 2.548 2.416 1.818 1.893 1.300 1.184
109 116 11.268 2.490 1.812 1.708 2.453 2.534 1.753 2.105 1.339 1.152
109 117 11.356 2.722 2.067 1.771 3.031 2.422 2.369 2.061 1.410 1.295
109 118 11.912 2.829 2.170 1.815 3.167 2.491 2.497 2.209 1.487 1.322
109 119 11.581 2.879 2.147 1.917 3.037 2.711 2.381 2.381 1.518 1.356
109 120 11.547 2.814 2.092 1.883 2.933 2.686 2.262 2.341 1.492 1.320
110 113 8.855 2.246 1.716 1.448 2.672 1.890 2.329 1.635 1.102 1.110
110 114 10.008 2.923 2.069 2.064 2.933 2.912 2.541 2.517 1.460 1.463
110 115 10.365 2.644 1.863 1.876 2.557 2.738 1.942 2.196 1.357 1.285
110 116 11.014 2.428 1.761 1.672 2.413 2.445 1.716 1.954 1.285 1.143
110 117 10.870 2.569 1.858 1.774 2.594 2.541 1.912 2.012 1.330 1.238
110 118 11.705 2.601 2.005 1.657 2.949 2.259 2.235 1.921 1.363 1.215
110 119 11.773 2.887 2.201 1.869 3.203 2.572 2.546 2.278 1.512 1.357
111 114 9.003 2.224 1.720 1.409 2.721 1.819 2.353 1.566 1.087 1.092
111 115 9.865 2.851 2.004 2.027 2.834 2.867 2.446 2.446 1.417 1.433
111 116 10.926 2.635 1.845 1.881 2.484 2.809 1.919 2.360 1.370 1.260
111 117 11.314 2.381 1.740 1.626 2.379 2.384 1.707 1.963 1.272 1.109
111 118 11.699 2.504 1.841 1.697 2.529 2.474 1.897 2.136 1.340 1.164
112 115 8.968 2.217 1.713 1.409 2.698 1.823 2.331 1.574 1.087 1.088
112 116 10.540 2.922 2.162 1.965 3.179 2.681 2.723 2.345 1.471 1.441
112 117 11.314 2.531 1.800 1.780 2.455 2.617 1.919 2.230 1.319 1.211
112 118 11.844 2.389 1.751 1.626 2.422 2.353 1.851 2.025 1.266 1.124
113 116 9.195 2.136 1.683 1.316 2.711 1.678 2.284 1.431 1.044 1.032
113 117 10.610 2.839 2.108 1.901 3.095 2.597 2.606 2.257 1.436 1.392
113 118 11.376 2.661 1.901 1.862 2.607 2.721 2.078 2.360 1.386 1.274
113 119 11.681 2.445 1.787 1.668 2.464 2.424 1.876 2.084 1.297 1.148
114 117 9.456 2.042 1.636 1.221 2.704 1.534 2.225 1.285 0.990 0.972
114 118 11.043 2.778 2.120 1.795 3.195 2.399 2.663 2.094 1.406 1.343
114 119 11.563 2.793 2.067 1.878 2.906 2.672 2.289 2.346 1.471 1.320
115 118 9.393 2.031 1.627 1.215 2.673 1.532 2.187 1.288 0.991 0.964
115 119 10.832 2.812 2.119 1.849 3.142 2.505 2.616 2.183 1.429 1.365
115 120 11.334 2.876 2.117 1.947 2.978 2.769 2.354 2.408 1.506 1.369
116 119 9.443 2.019 1.619 1.206 2.665 1.519 2.169 1.270 0.984 0.958
116 120 11.059 2.695 2.052 1.747 3.064 2.353 2.507 2.039 1.374 1.297
116 121 11.896 2.636 1.962 1.761 2.794 2.473 2.241 2.180 1.377 1.254
117 120 9.435 2.009 1.611 1.200 2.653 1.511 2.163 1.263 0.978 0.954
117 121 11.520 2.568 1.998 1.613 3.041 2.140 2.442 1.855 1.313 1.216
117 122 11.927 2.725 2.053 1.792 2.954 2.493 2.362 2.207 1.427 1.289
118 121 9.619 1.954 1.578 1.152 2.576 1.458 2.015 1.211 0.967 0.911
118 122 11.343 2.620 2.030 1.657 3.085 2.200 2.494 1.905 1.336 1.248
118 123 12.222 2.626 1.999 1.703 2.932 2.328 2.387 2.074 1.363 1.246
119 122 9.620 1.922 1.553 1.132 2.535 1.432 1.971 1.184 0.951 0.895
119 123 11.633 2.535 1.991 1.569 3.060 2.066 2.439 1.791 1.296 1.191
119 124 11.384 2.806 2.058 1.908 2.885 2.723 2.286 2.367 1.467 1.338
120 123 9.639 1.894 1.528 1.119 2.476 1.422 1.907 1.173 0.943 0.880
120 124 10.662 2.769 2.057 1.854 2.997 2.550 2.472 2.204 1.412 1.348
120 125 11.485 2.829 2.090 1.907 2.944 2.708 2.332 2.370 1.484 1.343
121 124 9.469 2.039 1.634 1.220 2.691 1.536 2.190 1.280 0.992 0.969
121 125 11.445 2.587 2.005 1.636 3.036 2.178 2.442 1.888 1.324 1.228
121 126 12.062 2.545 1.899 1.693 2.711 2.373 2.171 2.092 1.331 1.208
122 125 9.755 1.901 1.541 1.114 2.485 1.420 1.880 1.175 0.956 0.874
122 126 11.813 2.445 1.923 1.510 2.947 1.992 2.321 1.721 1.255 1.144
122 127 12.566 2.574 1.994 1.629 2.987 2.187 2.443 1.963 1.331 1.213
123 126 10.064 1.749 1.429 1.008 2.263 1.300 1.610 1.066 0.902 0.782
123 127 12.403 2.275 1.837 1.343 2.908 1.732 2.243 1.488 1.160 1.041
123 128 13.037 2.453 1.961 1.473 3.075 1.913 2.510 1.721 1.251 1.135
124 127 10.061 1.755 1.437 1.007 2.280 1.297 1.614 1.063 0.906 0.782
124 128 12.467 2.272 1.844 1.326 2.947 1.701 2.262 1.456 1.154 1.035
124 129 13.036 2.473 1.982 1.478 3.116 1.916 2.535 1.724 1.261 1.140
125 128 10.074 1.749 1.420 1.020 2.232 1.322 1.581 1.076 0.904 0.787
125 129 12.345 2.343 1.889 1.386 2.987 1.789 2.308 1.538 1.195 1.073
125 130 12.791 2.541 2.010 1.554 3.100 2.042 2.522 1.831 1.304 1.183
126 129 10.049 1.789 1.435 1.069 2.232 1.395 1.596 1.123 0.922 0.819
126 130 12.156 2.373 1.886 1.440 2.918 1.886 2.262 1.622 1.219 1.099
126 131 12.007 2.779 2.113 1.805 3.079 2.481 2.481 2.207 1.449 1.313
127 130 9.748 1.957 1.539 1.208 2.410 1.570 1.825 1.257 0.983 0.930
127 131 11.213 2.732 2.076 1.777 3.074 2.409 2.477 2.077 1.402 1.310
127 132 11.402 3.046 2.275 2.025 3.270 2.819 2.645 2.481 1.583 1.455
128 131 9.334 2.212 1.681 1.439 2.622 1.874 2.159 1.505 1.077 1.104
128 132 11.033 2.856 2.142 1.888 3.144 2.580 2.556 2.215 1.460 1.382
128 133 10.656 3.193 2.290 2.225 3.209 3.176 2.636 2.734 1.634 1.559
129 132 9.538 2.351 1.740 1.580 2.673 2.082 2.194 1.614 1.133 1.199
129 133 10.743 2.953 2.159 2.015 3.089 2.817 2.512 2.397 1.508 1.442
130 133 9.543 2.690 1.901 1.903 2.810 2.584 2.362 1.993 1.286 1.402